750.000000
931.500000
958.875000
959.718750
983.929688
983.982422
1013.995605
925.498901
969.374725
1010.343681
984.585920
990.146480
991.536620
979.884155
988.971039
937.242760
948.310690
951.077672
963.769418
972.942355
975.235589
975.808897
981.952224
1001.488056
1006.372014
983.593004
989.898251
967.474563
961.868641
918.467160
961.616790
936.404198
936.101049
942.025262
925.506316
975.376579
933.844145
935.461036
965.865259
973.466315
969.366579
968.341645
950.085411
957.521353
953.380338
934.345085
941.586271
907.396568
922.849142
914.712285
