732.000000
927.000000
975.750000
975.937500
987.984375
936.996094
948.249023
951.062256
963.765564
972.941391
975.235348
975.808837
981.952209
1001.488052
1006.372013
983.593003
989.898251
967.474563
961.868641
918.467160
961.616790
936.404198
936.101049
942.025262
925.506316
975.376579
933.844145
935.461036
965.865259
973.466315
969.366579
968.341645
950.085411
957.521353
953.380338
934.345085
941.586271
907.396568
922.849142
914.712285
936.678071
948.169518
933.042379
965.260595
973.315149
999.328787
993.832197
968.458049
956.114512
959.028628
