5544.000000
5612.000000
5634.666667
5677.000000
5732.800000
5801.333333
5801.142857
5774.500000
5776.444444
5787.600000
5778.909091
5777.000000
5768.923077
5758.285714
5753.066667
5752.750000
5751.058824
5746.222222
5726.526316
5719.400000
5715.809524
5717.818182
5726.956522
5737.500000
5748.800000
5757.538462
5763.555556
5775.142857
5781.379310
5784.933333
5790.580645
5793.000000
5795.151515
5797.058824
5796.114286
5797.000000
5794.270270
5792.526316
5792.923077
5794.500000
5797.951220
5800.285714
5796.930233
5798.272727
5794.844444
5793.130435
5790.553191
5792.000000
5796.489796
5802.000000
5811.372549
5820.615385
5827.396226
5829.037037
5827.345455
5827.857143
5831.859649
5835.862069
5841.220339
5842.800000
5843.475410
5843.483871
5845.460317
5847.250000
5848.553846
5845.636364
5844.417910
5845.000000
5845.681159
5844.628571
5840.394366
5832.777778
5829.589041
5824.918919
5822.453333
5820.842105
5820.415584
5819.743590
5819.341772
5817.800000
5813.382716
5811.365854
5808.289157
5803.857143
5799.482353
5796.325581
5796.321839
5795.181818
5794.606742
5792.622222
5791.472527
5792.869565
5790.021505
5787.617021
5786.568421
5783.541667
5781.319588
5777.714286
5775.838384
5772.200000
5769.227723
5764.823529
5761.087379
5759.076923
5759.085714
5757.735849
5755.102804
5751.962963
5749.504587
5746.800000
5742.846847
5741.214286
5740.495575
5739.859649
5739.513043
5739.448276
5740.786325
5741.016949
5741.546218
5740.833333
5739.966942
5740.295082
5739.902439
5740.322581
5741.920000
5740.825397
5740.566929
5740.812500
5740.992248
5741.261538
5741.312977
5741.242424
5740.180451
5738.925373
5739.377778
5740.088235
5740.992701
5743.014493
5745.122302
5747.400000
5748.680851
5750.140845
5752.391608
5751.916667
5752.331034
5752.328767
5751.700680
5752.621622
5753.422819
5755.093333
5755.788079
5755.526316
5754.745098
5754.987013
5756.309677
5757.282051
5758.369427
5759.974684
5760.352201
5760.550000
5760.521739
5760.740741
5761.717791
5762.048780
5762.109091
5762.120482
5762.035928
5762.690476
5763.573964
5763.576471
5763.251462
5763.325581
5763.976879
5764.160920
5764.548571
5764.477273
5764.723164
5762.943820
5761.296089
5761.022222
5760.464088
5760.901099
5760.874317
5760.695652
5760.972973
5760.301075
5759.229947
5758.212766
5757.269841
5756.694737
5757.486911
5758.500000
5759.170984
5758.948454
5759.405128
5758.918367
5758.720812
5758.363636
5758.814070
5760.420000
5760.875622
5760.831683
5760.906404
5760.960784
5760.585366
5760.640777
5761.101449
5762.288462
5763.693780
5764.666667
5765.308057
5766.943396
5767.361502
5768.130841
5769.283721
5770.018519
5771.539171
5771.834862
5771.926941
5772.254545
5772.723982
5772.774775
5771.192825
5769.678571
5769.226667
5768.495575
5767.207048
5767.105263
5766.567686
5764.973913
5764.242424
5763.827586
5762.849785
5761.692308
5761.004255
5759.881356
5759.021097
5758.336134
5757.907950
5757.583333
5758.008299
5755.785124
5753.777778
5752.344262
5751.640816
5751.203252
5750.137652
5749.161290
5748.755020
5747.488000
5746.151394
5745.412698
5744.505929
5742.000000
5740.313725
5739.062500
5738.459144
5737.472868
5737.328185
5736.230769
5735.386973
5734.702290
5734.296578
5733.318182
5732.996226
5732.676692
5732.794007
5732.537313
5731.836431
5732.000000
5732.206642
5731.602941
5731.809524
5731.620438
5731.505455
5731.492754
5731.855596
5732.187050
5732.215054
5731.714286
5731.544484
5731.687943
5731.477032
5731.704225
5732.238596
5731.566434
5731.344948
5731.569444
5731.737024
5732.441379
5732.865979
5733.109589
5733.542662
5734.340136
5735.376271
5735.540541
5735.313131
5734.738255
5734.153846
5733.213333
5732.691030
5732.834437
5732.501650
5732.184211
5732.642623
5733.019608
5733.563518
5733.740260
5733.449838
5733.122581
5733.028939
5733.243590
5733.175719
5732.802548
5732.469841
5732.037975
5731.369085
5730.943396
5730.119122
5729.950000
5730.006231
5729.254658
5728.520124
5728.506173
5728.012308
5727.349693
5726.507645
5725.878049
5724.462006
5723.054545
5721.703927
5721.156627
5720.504505
5719.712575
5718.913433
5718.583333
5718.421365
5718.627219
5719.079646
5719.400000
5719.824047
5720.081871
5720.594752
5720.662791
5720.672464
5720.208092
5720.380403
5719.862069
5719.392550
5718.068571
5716.900285
5715.988636
5715.898017
5715.310734
5715.098592
5714.932584
5715.675070
5716.603352
5716.980501
5717.455556
5717.972299
5718.198895
5718.677686
5719.197802
5719.473973
5719.661202
5719.869210
5719.739130
5719.284553
5718.951351
5718.145553
5717.602151
5717.308311
5716.802139
5716.170667
5715.638298
5715.236074
5715.142857
5714.849604
5714.063158
5713.343832
5712.513089
5711.415144
5710.906250
5709.350649
5707.844560
5706.956072
5706.319588
5705.768638
5705.579487
5705.667519
5705.806122
5705.760814
5705.654822
5705.346835
5704.898990
5704.392947
5704.532663
5704.360902
5702.790000
5701.995012
5701.930348
5701.429280
5700.900990
5700.316049
5700.000000
5699.469287
5698.980392
5696.684597
5694.790244
5693.527981
5692.592233
5691.515738
5689.565217
5687.556627
5686.538462
5685.793765
5684.755981
5684.009547
5683.571429
5682.812352
5682.568720
5682.203310
5681.858491
5681.694118
5681.295775
5680.983607
5680.700935
5680.438228
5680.055814
5679.842227
5679.731481
5679.538106
5679.631336
5679.632184
5679.128440
5678.837529
5678.438356
5677.858770
5677.945455
5677.877551
5677.321267
5677.119639
5677.243243
5677.384270
5677.560538
5677.637584
5677.419643
5676.881960
5676.702222
5676.195122
5675.716814
5675.805740
5675.982379
5675.920879
5675.885965
5676.061269
5676.454148
5676.418301
5676.747826
5676.893709
5677.047619
5677.295896
5677.698276
5677.987097
5678.489270
5678.423983
5678.410256
5678.234542
5678.314894
5678.046709
5677.889831
5677.733615
5677.890295
5678.214737
5678.529412
5678.859539
5679.389121
5679.423800
5679.650000
5679.933472
5680.066390
5680.587992
5681.140496
5681.723711
5681.917695
5682.398357
5682.852459
5683.869121
5684.497959
5685.050916
5684.203252
5683.066937
5682.712551
5682.359596
5681.887097
5681.505030
5681.429719
5680.881764
5680.616000
5680.151697
5679.673307
5679.324056
5679.166667
5679.152475
5679.296443
5679.140039
5679.125984
5679.041257
5678.596078
5677.972603
5677.554688
5676.865497
5676.412451
5675.867961
5675.131783
5674.444874
5674.146718
5673.826590
5673.884615
5673.305182
5673.256705
5673.162524
5672.931298
5672.845714
5672.577947
5671.901328
5671.151515
5670.381853
5669.984906
5669.890772
5669.466165
5668.938086
5668.696629
5667.947664
5667.619403
5667.858473
5667.851301
5667.777365
5667.844444
5667.807763
5667.785978
5668.073665
5668.375000
5668.711927
5668.710623
5668.204753
5667.781022
5667.081967
5666.414545
5665.611615
5665.173913
5665.092224
5665.133574
5665.131532
5664.956835
5664.718133
5664.530466
5664.186047
5663.750000
5663.351159
5663.160142
5662.699822
5662.000000
5661.564602
5661.053004
5660.613757
5660.323944
5660.007030
5659.915789
5659.866900
5659.979021
5659.811518
5659.644599
5658.914783
5658.909722
5659.140381
5659.155709
5659.385147
5659.303448
5659.015491
5658.769759
5658.634648
5658.671233
5658.256410
5658.191126
5658.439523
5658.312925
5658.220713
5658.332203
5658.490694
5658.945946
5659.386172
5659.542088
5659.757983
5659.919463
5659.819095
5660.200669
5660.353923
5660.693333
5660.765391
5660.916944
5661.399668
5661.754967
5662.102479
5662.369637
5662.345964
5662.375000
5662.646962
5662.977049
5663.220949
5663.137255
5663.321370
5663.374593
5663.460163
5663.714286
5664.136143
5664.433657
5664.723748
5664.864516
5665.043478
5665.408360
5665.855538
5666.012821
5666.092800
5666.153355
5666.213716
5666.242038
5666.422893
5666.742857
5666.884311
5667.278481
5667.867299
5668.340694
5668.944882
5669.094340
5669.588697
5669.949843
5670.159624
5670.393750
5670.508580
5670.105919
5669.978227
5669.925466
5669.699225
5669.690402
5669.700155
5669.814815
5669.744222
5669.790769
5669.892473
5669.785276
5669.923430
5670.018349
5670.265649
5670.506098
5670.727549
5670.948328
5671.180577
5671.593939
5672.199697
5672.634441
5672.911011
5673.204819
5673.569925
5673.921922
5674.656672
5675.425150
5676.203288
5676.901493
5677.508197
5678.279762
5678.811293
5679.489614
5680.231111
5680.639053
5680.915805
5681.356932
5681.590574
5681.941176
5682.337739
5682.269795
5682.571010
5682.754386
5683.065693
5683.405248
5683.714702
5684.000000
5684.220610
5684.626087
5685.123010
5685.364162
5685.720058
5685.821326
5686.048921
5686.471264
5686.771879
5686.435530
5686.517883
5686.394286
5686.407989
5686.410256
5686.526316
5686.659091
5686.558865
5686.866856
5687.292786
5687.514124
5687.785614
5688.383099
5688.663854
5689.146067
5689.834502
5690.386555
5690.853147
5691.329609
5692.083682
5692.740947
5693.307371
5693.850000
5694.446602
5694.781163
5695.463347
5696.071823
5696.684138
5697.305785
5698.107290
5698.659341
5699.078189
5699.380822
5699.523940
5699.830601
5700.305593
5700.970027
5701.670748
5702.125000
5702.529172
5703.105691
5703.864682
5704.443243
5705.176788
5705.849057
5706.401077
5707.069892
5707.463087
5707.592493
5707.753681
5708.101604
5708.448598
5708.757333
5708.953395
5709.457447
5709.837981
5710.026525
5710.235762
5710.380952
5710.531044
5710.749340
5711.135705
5711.605263
5712.178712
5712.603675
5713.184797
5713.785340
5714.211765
5714.412533
5714.727510
5714.958333
5715.126138
5715.319481
5715.688716
5716.082902
5716.445019
5716.434109
5716.670968
5716.855670
5717.287001
5717.928021
5718.403081
5719.189744
5719.790013
5720.439898
5721.246488
5721.959184
5722.935032
5723.496183
5723.954257
5724.137056
5724.359949
5724.693671
5724.975980
5725.696970
5726.042875
5726.534005
5726.837736
5727.190955
5727.442911
5727.699248
5727.984981
5727.955000
5728.084894
5728.134663
5728.034869
5728.213930
5728.367702
5728.476427
5728.857497
5729.059406
5729.354759
5729.762963
5729.780518
5729.581281
5729.289053
5729.046683
5728.893252
5728.794118
5728.768666
5728.787286
5728.835165
5728.965854
5728.920828
5728.856448
5728.719320
5728.504854
5728.266667
5728.111380
5727.956469
5727.975845
5728.082027
5728.351807
5728.413959
5728.442308
5728.691477
5728.911271
5729.049102
5729.000000
5729.046595
5729.188544
5729.330155
5729.385714
5729.445898
5729.691211
5729.760380
5729.819905
5729.992899
5730.085106
5730.365998
5730.509434
5730.435807
5730.574118
5730.782609
5730.873239
5730.907386
5730.974239
5731.097076
5731.336449
5731.584597
5731.743590
5731.846333
5732.120930
5732.464576
5732.793503
5733.089224
5732.787037
5732.647399
5732.545035
5732.576701
5732.447005
5732.474108
5732.689655
5732.803674
5732.733945
5732.815578
5733.093822
5733.216000
5733.365297
5733.331813
5733.466970
5733.538111
5733.672727
5733.852440
5733.972789
5734.129105
5734.348416
5734.580791
5734.749436
5734.841037
5734.941441
5735.095613
5735.294382
5735.290685
5735.430493
5735.314670
5735.225951
5735.311732
5735.366071
5735.148272
5734.997773
5735.065628
5735.284444
5735.502775
5735.884701
5736.000000
5736.238938
5736.238674
5736.216336
5736.123484
5736.145374
5736.176018
5736.109890
5736.021954
5735.881579
5735.741512
5735.663020
5735.833880
5735.834061
5735.886587
5735.856209
5736.108814
5736.408696
5736.616721
5736.772234
5736.875406
5737.168831
5737.483243
5737.753780
5737.928803
5738.202586
5738.527449
5739.070968
5739.643394
5740.124464
5740.351554
5740.830835
5741.227807
5741.726496
5742.271078
5742.835821
5743.301384
5743.395745
5743.863974
5744.424628
5744.759279
5745.169492
5745.621164
5746.118393
5746.441394
5746.556962
5746.689146
5747.018947
5747.133544
5747.121849
5747.072403
5747.174004
5747.304712
5747.422594
5747.582027
5747.753653
5747.995829
5748.412500
5748.566077
5748.794179
5748.938733
5748.900415
5748.866321
5749.064182
5749.282316
5749.557851
5749.882353
5750.263918
5750.512873
5750.572016
5750.573484
5750.554415
5750.527179
5750.590164
5750.640737
5750.699387
5750.888662
5751.175510
5751.359837
5751.560081
5751.397762
5751.243902
5751.106599
5751.221095
5751.315096
5751.441296
5751.518706
5751.737374
5752.040363
5752.346774
5752.745217
5752.857143
5752.868342
5752.959839
5753.183551
5753.090180
5752.996997
5752.904000
5752.731269
5752.594810
5752.673978
5752.621514
5752.573134
5752.174950
5751.646475
5751.222222
5751.020813
5750.970297
5751.062315
5751.229249
5751.601185
5751.814596
5752.023645
5752.232283
5752.243854
5752.314342
5752.298332
5752.431373
5752.329089
5752.176125
5752.367546
5752.277344
5752.226341
5752.296296
5752.494645
5752.719844
5752.948494
5753.165049
5753.288070
5753.205426
5753.316554
5753.357834
5753.410628
5753.409266
5753.396336
5753.537572
5753.493744
5753.569231
5753.706052
5753.888676
5754.170662
5754.459770
5755.027751
5755.334608
5755.323782
5755.427481
5755.397521
5755.462857
5755.703140
5755.958175
5756.243115
5756.512334
5756.197156
5755.981061
5755.897824
5755.871456
5756.003777
5756.026415
5756.030160
5756.018832
5756.000000
5755.906015
5755.883568
5755.816135
5755.928772
5756.116105
5756.243218
5756.400000
5756.590103
5756.750000
5756.920783
5757.065177
5757.309767
5757.572491
5757.697307
5757.896104
5758.068582
5758.251852
5758.597595
5758.791128
5758.869806
5758.922509
5759.111521
5759.340700
5759.414903
5759.477941
5759.687787
5759.922936
5760.113657
5760.131868
5760.076853
5759.678245
5759.251142
5758.919708
5758.683683
5758.670310
5758.416742
5758.352727
5758.306994
5758.221416
5757.990934
5758.061594
5758.106787
5758.202532
5757.962060
5757.888087
5757.864743
5757.866667
5757.897390
5757.791367
5757.689128
5757.741472
5757.711211
5757.634409
5757.543420
5757.502683
5757.243968
5756.875000
5756.442462
5756.089127
5755.682992
5755.156584
5754.666667
5754.312611
5754.047915
5753.734043
5753.544730
5753.426549
5753.273210
5753.084806
5752.875552
5752.670194
5752.570925
5752.411972
5752.105541
5751.891037
5751.690957
5751.568421
5751.298861
5751.187391
5751.030621
5751.059441
5750.990393
5750.788831
5750.625981
5750.522648
5750.304613
5750.236522
5749.768897
5749.611111
5749.491761
5749.344887
5749.246753
5749.173010
5749.130510
5748.998273
5748.804142
5748.855172
5748.906115
5749.018933
5749.248495
5749.405498
5749.503863
5749.708405
5749.820051
5749.989726
5749.844311
5749.675214
5749.523484
5749.406143
5749.507246
5749.339012
5749.106383
5748.938776
5748.951572
5748.984720
5749.109415
5749.054237
5749.134632
5749.353638
5749.551986
5749.800676
5750.035443
5750.141653
5750.099410
5750.107744
5749.900757
5749.835294
5749.780017
5749.661074
5749.525566
5749.363484
5749.194979
5749.080268
5748.818713
5748.494157
5748.176814
5747.843333
5747.623647
5747.404326
5747.182045
5746.920266
5746.692116
5746.557214
5746.498757
5746.556291
5746.524400
5746.472727
5746.427746
5746.382838
5746.413850
5746.573311
5746.709465
5746.759868
5746.826623
5747.037767
5747.159967
5747.163934
5747.076167
5747.034370
5747.116926
5746.977124
5746.932245
5747.017945
5747.025265
5746.964169
5746.899919
5746.965854
5746.979691
5746.996753
5746.909976
5746.768233
5746.769231
5746.912621
5747.023444
5746.953150
5746.834544
5746.664516
5746.501209
5746.476651
5746.339501
5746.286174
5746.239357
5746.260032
5746.383320
5746.551282
5746.645316
5746.758400
5746.906475
5746.910543
5747.109338
5747.183413
5747.139442
5747.152866
5747.134447
5747.214626
5747.351867
5747.526984
5747.651071
5747.508716
5747.594616
5747.731013
5747.452964
5747.146919
5746.983425
5746.835962
5746.748621
5746.724409
5746.867034
5747.084906
5747.390416
5747.726845
5747.918431
5748.194357
5748.407204
5748.751174
5749.007037
5749.253125
5749.439500
5749.363495
5749.337490
5749.317757
5749.354086
5749.517885
5749.777778
5749.919255
5750.060512
5750.195349
5750.243222
5750.504644
5750.682135
5750.914992
5751.218533
5751.361111
5751.645335
5751.944530
5752.212471
5752.572308
5752.833205
5753.029186
5752.979279
5752.926380
5753.054406
5753.029096
5752.948738
5752.993884
5753.194805
5753.346565
5753.467582
5753.585366
5753.827875
5754.012177
5754.141445
5754.161094
5754.223235
5754.206373
5754.392722
5754.621212
5754.791824
5754.901664
5754.926682
5754.903323
5755.040000
5755.043741
5755.110776
5755.063253
5755.145222
5755.227068
5755.266717
5755.228228
5755.264816
5755.400300
5755.385768
5755.473054
5755.461481
5755.405082
5755.339806
5755.423881
5755.680835
5755.901639
5756.017870
5756.122024
5755.934572
5755.982169
5756.169265
5756.394659
5756.652335
5756.675556
5756.713546
5756.763314
5756.981523
5757.184638
5757.372694
5757.575221
5757.865881
5758.073638
5758.233996
5758.464706
5758.636297
5758.863436
5758.972854
5759.240469
5759.481319
5759.625183
5759.824433
5759.959064
5760.154858
5760.362044
5760.676878
5761.020408
5761.255645
5761.365357
5761.533091
5761.642442
5761.635439
5761.756168
5761.975344
5762.194203
5762.325851
5762.405210
5762.536515
5762.592486
5762.735018
5762.880231
5763.169430
5763.435159
5763.507559
5763.551079
5763.686556
5763.850575
5764.008615
5764.131994
5764.114695
5764.120344
5764.131711
5764.111588
5763.705504
5763.305714
5762.949322
5762.801712
5762.742694
5762.729345
5762.784342
5763.001422
5763.093106
5763.196023
5763.199432
5763.339007
5763.484054
5763.722380
5763.920736
5764.101839
5764.271378
5764.307910
5764.318984
5764.434415
5764.515856
5764.670423
5764.903589
5765.077356
5765.200281
5765.255618
5765.280000
5765.349229
5765.578136
5765.778711
5766.088174
5766.567832
5766.943396
5767.349162
5767.771110
5768.072524
5768.448780
5768.807799
5769.113431
5769.515994
5769.842946
5769.875000
5770.106870
5770.421637
5770.697159
5770.864266
5771.031142
5771.048409
5771.159641
5771.411602
5771.646653
5771.790345
5771.666437
5771.606061
5771.622849
5771.667125
5771.747079
5771.895604
5772.054907
5772.175583
5772.309801
5772.569863
5772.821355
5773.201094
5773.388927
5773.267760
5773.021160
5773.004093
5773.036128
5773.106267
5773.219877
5773.387755
5773.530931
5773.739130
5774.047522
5774.298507
5774.568136
5774.688347
5774.719025
5774.857916
5774.985801
5775.137838
5775.400405
5775.605938
5775.759946
5776.123989
5776.465993
5776.611036
5776.868863
5777.080645
5777.313633
5777.626846
5777.797451
5777.914209
5778.089752
5778.240964
5778.477592
5778.772727
5779.091516
5779.295060
5779.378252
5779.474667
5779.616256
5779.794940
5779.949434
5780.047872
5780.249834
5780.464807
5780.448573
5780.628647
5780.617628
5780.394702
5780.193250
5780.174603
5780.089888
5780.121532
5779.984158
5780.079156
5779.981543
5779.891963
5779.963134
5780.036842
5780.128863
5780.299606
5780.417597
5780.480315
5780.514098
5780.474443
5780.447937
5780.439791
5780.405494
5780.441830
5780.467668
5780.378590
5780.378343
5780.336375
5780.273616
5780.190104
5780.122316
5780.145644
5780.129955
5780.111688
5780.176509
5780.225681
5780.274789
5780.269430
5780.266667
5780.377749
5780.457660
5780.478036
5780.423499
5780.397419
5780.461638
5780.579897
5780.826787
5780.808237
5780.859164
5780.969152
5781.061015
5781.150193
5781.395767
5781.405128
5781.509289
5781.736236
5782.078055
5782.283887
5782.461342
5782.689655
5782.721123
5782.676020
5782.712556
5782.743949
5782.986633
5783.045802
5783.071837
5783.047014
5783.017143
5783.002538
5783.089410
5783.168568
5783.234959
5783.286076
5783.258697
5783.307206
5783.509792
5783.563131
5783.490221
5783.339218
5783.231254
5783.168766
5783.222152
5783.240252
5783.414205
5783.628141
5783.856874
5784.057716
5784.230721
5784.418546
5784.643707
5784.848561
5785.048155
5785.175000
5785.319176
5785.141074
5785.295072
5785.413965
5785.408100
5785.374844
5785.359054
5785.355721
5785.439403
5785.403727
5785.402855
5785.377171
5785.406076
5785.499380
5785.545511
5785.561881
5785.551020
5785.673671
5785.845584
5786.012346
5786.139420
5786.212084
5786.230437
5786.438424
5786.535385
5786.627306
5786.669945
5786.697789
5786.649478
5786.645399
5786.749234
5786.919118
5787.101041
5787.297430
5787.535168
5787.823961
5787.909591
5787.797314
5787.699817
5787.660976
5787.753809
5787.778319
5787.744370
5787.727494
5787.674164
5787.756987
5787.798421
5787.696602
5787.648272
5787.587879
5787.573592
5787.668281
5787.733817
5787.646917
5787.632628
5787.570048
5787.621002
5787.681544
5787.903556
5787.937349
5787.966285
5787.973526
5788.007216
5788.036058
5788.038438
5788.002401
5788.079184
5788.134293
5788.179748
5788.234731
5788.347098
5788.547847
5788.652720
5788.728793
5788.747463
5788.859189
5788.935003
5789.151371
5788.952948
5788.869048
5788.970851
5789.058264
5789.185977
5789.296912
5789.438576
5789.418743
5789.391820
5789.483412
5789.631735
5789.902959
5790.088705
5790.267139
5790.313054
5790.467532
5790.605310
5790.709906
5790.870949
5790.784452
5790.676869
5790.658824
5790.716049
5790.742656
5790.712860
5790.692488
5790.721408
5790.909730
5791.123609
5791.292740
5791.557636
5791.602339
5791.656341
5791.719626
5791.733800
5791.775963
5791.783090
5791.773893
5791.843914
5791.953434
5792.062827
5792.167442
5792.257990
5792.341463
5792.380731
5792.464037
5792.640000
5792.753187
5792.905617
5793.097222
5793.327935
5793.625434
5793.924899
5794.110855
5794.298904
5794.426759
5794.623631
5794.926267
5795.274611
5795.532796
5795.723979
5795.774713
5795.848363
5796.018370
5796.179002
5796.284404
5796.382808
5796.577320
5796.737264
5796.851259
5797.049743
5796.934857
5796.932039
5796.984018
5797.067884
5797.213227
5797.458689
5797.656036
5797.780307
5797.872582
5798.069358
5798.125000
5798.303237
5798.485812
5798.620533
5798.739229
5798.880453
5799.005663
5799.228070
5799.488688
5799.676653
5799.785311
5799.907397
5799.963883
5799.844332
5799.779030
5799.743099
5799.808559
5799.833427
5799.790776
5799.797639
5799.829213
5799.809096
5799.854097
5799.858665
5799.881166
5799.928291
5799.888018
5799.885842
5799.841163
5799.847960
5799.850279
5799.848130
5799.872768
5799.917457
5799.995541
5800.131476
5800.349666
5800.422927
5800.498331
5800.613674
5800.597778
5800.615214
5800.590455
5800.705491
5800.749446
5800.768975
5800.777409
5800.790260
5800.727876
5800.703151
5800.614365
5800.585312
5800.646799
5800.622173
5800.601985
5800.579614
5800.645374
5800.623005
5800.415842
5799.995602
5799.753846
5799.624382
5799.578485
5799.567745
5799.436404
5799.384110
5799.548740
5799.577449
5799.509847
5799.523237
5799.512568
5799.539050
5799.565502
5799.631206
5799.707743
5799.720981
5799.653595
5799.655961
5799.638738
5799.699837
5799.782609
5799.926127
5800.102063
5800.358112
5800.626898
5800.797832
5800.951246
5801.108825
5801.255411
5801.386696
5801.420541
5801.616424
5801.626350
5801.688073
5801.708738
5801.681941
5801.793103
5801.917071
5801.944026
5801.899946
5801.782796
5801.506717
5801.392052
5801.296833
5801.240343
5801.126005
5801.076099
5801.054097
5800.965739
5800.901017
5800.859893
5800.859433
5800.841880
5800.817939
5800.631804
5800.603733
5800.605544
5800.611614
5800.555911
5800.468334
5800.385106
5800.442318
5800.456961
5800.439724
5800.390658
5800.311936
5800.199364
5800.084791
5800.093220
5800.120699
5800.101587
5800.042306
5800.014799
5799.894348
5799.837381
5799.645383
5799.470464
5799.392725
5799.393045
5799.414429
5799.488421
5799.547607
5799.598318
5799.636364
5799.626050
5799.569554
5799.555089
5799.412690
5799.218029
5799.000524
5798.873298
5798.867609
5798.884937
5798.835337
5798.846395
5798.897128
5798.864301
5798.768910
5798.679875
5798.442939
5798.329167
5798.138470
5797.939646
5797.784711
5797.640333
5797.491948
5797.418484
5797.340944
5797.346473
5797.310524
5797.224870
5797.118591
5797.057971
5797.032592
5797.040331
5796.934367
5796.814050
5796.697987
5796.505676
5796.402269
5796.352577
5796.298815
5796.224511
5796.109110
5796.055556
5796.092545
5796.094553
5796.043143
5796.002053
5795.883017
5795.835897
5795.825730
5795.758197
5795.733743
5795.672467
5795.658312
5795.779141
5795.738375
5795.746680
5795.795814
5795.789796
5795.730750
5795.653415
5795.696383
5795.751527
5795.755725
5795.822991
5795.849517
5795.882114
5795.955307
5795.995939
5796.012177
5796.139959
5796.245312
5796.295846
5796.362532
5796.479757
5796.564492
5796.616785
5796.654876
5796.553535
5796.502776
5796.538850
5796.589007
5796.485887
5796.503778
5796.576032
5796.644187
5796.593561
5796.591252
5796.502513
5796.439980
5796.449799
5796.489714
5796.461384
5796.390977
5796.410822
5796.418628
5796.540541
5796.538269
5796.602000
