0.981934
0.977539
0.981934
0.972168
0.976562
0.974609
0.980957
0.976074
0.977051
0.982422
0.97998
0.981934
0.982422
0.974609
0.966797
0.979004
0.979492
0.979492
0.978516
0.975098
0.970703
0.972168
0.975586
0.986328
0.975098
0.979492
0.974609
0.973145
0.979004
0.978027
0.972168
0.977539
0.97998
0.973633
0.976562
0.977539
0.979492
0.97998
0.96875
0.971191
0.978516
0.977539
0.975586
0.972168
0.977539
0.977539
0.979492
0.97998
0.983887
0.983398
0.977051
0.976562
0.972168
0.97168
0.976562
0.974609
0.969727
0.971191
0.980469
0.969238
0.96875
0.977539
0.977539
0.977051
0.97998
0.963379
0.967285
0.968262
0.973633
0.96875
0.980469
0.973145
0.967773
0.975098
0.980469
0.985352
0.975586
0.96582
0.977051
0.970703
0.978027
0.976562
0.973145
0.970215
0.986816
0.978027
0.976562
0.980469
0.981445
0.980469
0.979004
0.974609
0.979004
0.972656
0.983887
0.97998
0.981445
0.983398
0.977539
0.984375
0.975586
0.976074
0.984375
0.977051
0.980957
0.980469
0.973145
0.973633
0.976562
0.975586
0.979004
0.976074
0.970703
0.974121
0.979492
0.97998
0.97998
0.974609
0.973633
0.97998
0.734375
0.726562
0.715332
0.721191
0.722656
0.734863
0.751953
0.76123
0.770996
0.790039
0.817871
0.830078
0.845703
0.865723
0.883301
0.908203
0.925293
0.854492
0.750488
0.739746
0.750977
0.774902
0.785156
0.803711
0.820801
0.843262
0.852539
0.857422
0.871582
0.888672
0.912109
0.916504
0.936035
0.946777
0.95752
0.972168
0.978027
0.976562
0.969238
0.976562
0.980957
0.987793
0.981445
0.984375
0.969238
0.972168
0.979004
0.976074
0.974609
0.970215
0.976562
0.980957
0.976074
0.982422
0.977539
0.981445
0.976074
0.980469
0.983887
0.979004
0.980957
0.975586
0.855469
0.72168
0.691406
0.694824
0.687012
0.713867
0.726562
0.727539
0.723145
0.727051
0.736328
0.741699
0.760254
0.79834
0.821777
0.84668
0.855469
0.870605
0.884277
0.906738
0.927246
0.932617
0.943848
0.960449
0.973633
0.973145
0.97168
0.976074
0.979004
0.984375
0.978027
0.979492
0.980469
0.977539
0.972168
0.974121
0.973633
0.978516
0.973145
0.972168
0.981445
0.976074
0.973633
0.978027
0.974609
0.983398
0.983398
0.976074
0.970215
0.977051
0.980469
0.972168
0.974609
0.975098
0.975586
0.976562
0.984375
0.977539
0.969238
0.977051
0.975098
0.976074
0.973633
0.979004
0.987305
0.986328
0.985352
0.983398
0.974609
0.974609
0.984863
0.978027
0.981934
0.98291
0.969238
0.983887
0.981445
0.979004
0.975586
0.976074
0.966797
0.972656
0.969238
0.97998
0.970215
0.973633
0.967773
0.969727
0.970703
0.97168
0.978027
0.971191
0.967285
0.964844
0.972656
0.975098
0.976074
0.967773
0.972168
0.96875
0.976074
0.975098
0.978516
0.980957
0.978027
0.977539
0.978027
0.974609
0.975098
0.985352
0.974121
0.974121
0.974121
0.981445
0.98291
0.979004
0.985352
0.983398
0.986328
0.977539
0.975098
0.977539
0.982422
0.978027
0.974121
0.980957
0.97998
0.973633
0.978027
0.976562
0.981934
0.979492
0.97998
0.984375
0.977051
0.981445
0.975098
0.972656
0.976074
0.971191
0.966797
0.973145
0.979004
0.978516
0.732422
0.761719
0.763184
0.758301
0.765137
0.790527
0.794922
0.813477
0.822754
0.844727
0.861816
0.877441
0.885742
0.899414
0.918457
0.934082
0.949707
0.961914
0.961914
0.980957
0.978516
0.978027
0.97998
0.974609
0.979004
0.979004
0.972168
0.978027
0.976562
0.974121
0.970703
0.976562
0.979004
0.971191
0.969238
0.96875
0.977539
0.974609
0.980957
0.97998
0.977051
0.98291
0.968262
0.976562
0.98584
0.975586
0.976562
0.970703
0.974121
0.972656
0.978516
0.980957
0.979492
0.866211
0.724609
0.709473
0.711426
0.71582
0.708496
0.716309
0.726562
0.741211
0.76709
0.78125
0.802734
0.810059
0.815918
0.818359
0.832031
0.859375
0.880859
0.898438
0.917969
0.937988
0.938477
0.941406
0.94873
0.959473
0.967285
0.971191
0.97168
0.986816
0.980957
0.977539
0.980469
0.976562
0.977539
0.978516
0.975586
0.976074
0.983887
0.972656
0.966309
0.966309
0.98584
0.977539
0.975586
0.965332
0.973633
0.979492
0.984375
0.979004
0.980469
0.977539
0.976562
0.98584
0.981445
0.987305
0.976562
0.972656
0.96875
0.969727
0.97168
0.976074
0.975098
0.979492
0.972168
0.97168
0.971191
0.977051
0.981934
0.984863
0.97998
0.970215
0.727051
0.712402
0.706543
0.708984
0.723145
0.720703
0.740234
0.761719
0.79834
0.82959
0.848145
0.862793
0.878418
0.901367
0.916504
0.927734
0.932617
0.944824
0.942383
0.955078
0.97168
0.977051
0.981445
0.980469
0.980957
0.97998
0.980957
0.980469
0.971191
0.97168
0.980957
0.977051
0.977051
0.976074
0.979004
0.981445
0.974121
0.975098
0.976074
0.97998
0.982422
0.975586
0.979004
0.976074
0.980469
0.975586
0.978027
0.979492
0.974121
0.983887
0.980469
0.977539
0.978516
0.97998
0.979004
0.978027
0.976074
0.978027
0.980957
0.980469
0.977539
0.975586
0.97998
0.974609
0.981445
0.984375
0.974121
0.975586
0.978027
0.985352
0.984863
0.983398
0.978027
0.979004
0.977539
0.972168
0.980469
0.980957
0.976074
0.978027
0.978516
0.980957
0.972168
0.974609
0.978027
0.977539
0.98291
0.976562
0.976074
0.974121
0.973633
0.972168
0.972168
0.977051
0.983887
0.976074
0.975586
0.980469
0.978027
0.980469
0.978516
0.97998
0.973145
0.975586
0.982422
0.979004
0.973633
0.979004
0.974609
0.973145
0.974121
0.977539
0.974609
0.976074
0.977051
0.978516
0.978516
0.984375
0.97998
0.983398
0.978516
0.973145
0.981934
0.974609
0.98291
0.983398
0.969238
0.979004
0.983398
0.978027
0.969727
0.972656
0.978027
0.98291
0.975586
0.966309
0.978027
0.981445
0.983887
0.982422
0.97998
0.977539
0.978027
0.975586
0.974121
0.976074
0.976562
0.977539
0.973145
0.972168
0.976562
0.97998
0.977051
0.975586
0.975098
0.976562
0.971191
0.969727
0.96875
0.974609
0.980469
0.974609
0.978516
0.98291
0.730469
0.720215
0.711426
0.714355
0.71875
0.73877
0.749023
0.77002
0.788086
0.79541
0.810059
0.831055
0.836426
0.844727
0.858887
0.862793
0.880859
0.884277
0.889648
0.909668
0.920898
0.922852
0.864746
0.824707
0.805664
0.789551
0.788574
0.800293
0.810547
0.819824
0.835938
0.859375
0.872559
0.882324
0.885254
0.895996
0.906738
0.925781
0.938965
0.955566
0.967773
0.968262
0.974609
0.98584
0.984375
0.97998
0.982422
0.981445
0.98584
0.984375
0.979004
0.973145
0.978027
0.976074
0.972656
0.973145
0.975098
0.967773
0.976562
0.969238
0.969238
0.968262
0.978516
0.977051
0.979004
0.972656
0.978027
0.982422
0.981934
0.977539
0.984375
0.978516
0.97998
0.980957
0.984375
0.980469
0.973633
0.972168
0.972168
0.980957
0.977051
0.984375
0.970703
0.983398
0.987793
0.978027
0.97998
0.981934
0.857422
0.838867
0.979492
0.974609
0.976562
0.974609
0.974609
0.969238
0.976562
0.975586
0.983887
0.857422
0.731445
0.714844
0.712891
0.719727
0.728516
0.744141
0.757324
0.76709
0.833008
0.88916
0.888672
0.883301
0.902832
0.925781
0.937988
0.960938
0.975586
0.979004
0.978516
0.97168
0.974121
0.974609
0.980469
0.975098
0.977051
0.973145
0.977051
0.974609
0.981445
0.97998
0.983398
0.978027
0.960938
0.972168
0.97998
0.98291
0.973633
0.975098
0.978027
0.980957
0.974609
0.977051
0.977539
0.969238
0.963867
0.975098
0.982422
0.981445
0.978027
0.982422
0.98291
0.985352
0.979492
0.981445
0.984863
0.982422
0.975586
0.981445
0.976074
0.977539
0.975098
0.977539
0.981934
0.97998
0.967285
0.973633
0.977051
0.975586
0.969238
0.977539
0.974121
0.970703
0.978027
0.97168
0.974121
0.976562
0.972168
0.971191
0.975586
0.978027
0.977051
0.977539
0.976562
0.979492
0.970215
0.972656
0.970703
0.976562
0.981934
0.980469
0.973633
0.963867
0.966309
0.975098
0.978027
0.976562
0.985352
0.978516
0.973145
0.976074
0.975098
0.968262
0.974609
0.726562
0.705566
0.698242
0.692383
0.699707
0.704102
0.699707
0.705566
0.712891
0.717773
0.732422
0.742676
0.744141
0.748535
0.739746
0.765625
0.771973
0.786133
0.808594
0.817383
0.828613
0.841797
0.853027
0.862305
0.873047
0.892578
0.905273
0.923828
0.938965
0.945801
0.958496
0.96875
0.978516
0.977539
0.978516
0.979492
0.974121
0.977539
0.975098
0.975098
0.978027
0.973633
0.982422
0.973633
0.974609
0.983887
0.980957
0.977051
0.973145
0.979492
0.980469
0.975098
0.979004
0.978516
0.973633
0.974121
0.974121
0.980469
0.981445
0.972656
0.973145
0.96875
0.969727
0.98291
0.983398
0.980469
0.98291
0.97998
0.974121
0.974121
0.978027
0.977051
0.97998
0.97998
0.978516
0.978516
0.970215
0.973633
0.976562
0.983398
0.980957
0.979492
0.977051
0.979004
0.976074
0.978027
0.981445
0.971191
0.978516
0.986328
0.972168
0.979004
0.983398
0.980957
0.978516
0.977051
0.970215
0.979492
0.973145
0.974121
0.978516
0.978516
0.978516
0.976562
0.975586
0.97998
0.974121
0.979492
0.980957
0.974121
0.976074
0.976562
0.966797
0.972656
0.978516
0.974609
0.969727
0.973145
0.977051
0.972656
0.973145
0.977051
0.979492
0.970215
0.973145
0.982422
0.979004
0.727539
0.70459
0.688965
0.669922
0.679688
0.680664
0.682129
0.6875
0.686523
0.680664
0.693359
0.713379
0.728027
0.745605
0.751953
0.769043
0.787109
0.789551
0.810547
0.83252
0.839355
0.877441
0.901367
0.930176
0.950684
0.959961
0.970215
0.978027
0.983887
0.975098
0.983887
0.978516
0.977539
0.973633
0.979004
0.980957
0.977051
0.981934
0.981445
0.973145
0.973145
0.977539
0.978027
0.975586
0.981445
0.982422
0.978027
0.852539
0.725098
0.722168
0.715332
0.722656
0.737793
0.76416
0.787109
0.799805
0.814941
0.817383
0.842285
0.852051
0.86377
0.875977
0.905762
0.928223
0.937988
0.943359
0.959961
0.973145
0.977539
0.976562
0.974609
0.981934
0.98291
0.980469
0.976562
0.987305
0.983887
0.977051
0.973633
0.978516
0.979004
0.977051
0.974609
0.976074
0.973633
0.971191
0.966309
0.980469
0.976562
0.972168
0.976074
0.976074
0.976074
0.970703
0.977051
0.977539
0.728027
0.701172
0.666504
0.666992
0.67041
0.681641
0.69043
0.705078
0.724121
0.740723
0.755859
0.767578
0.766602
0.799316
0.819336
0.83252
0.851562
0.879883
0.894043
0.789062
0.768066
0.766113
0.763184
0.770508
0.777832
0.766113
0.768555
0.772949
0.788086
0.803223
0.826172
0.85791
0.89209
0.914551
0.922852
0.941406
0.952637
0.971191
0.976074
0.981934
0.97998
0.985352
0.982422
0.978027
0.982422
0.97998
0.973633
0.975098
0.979492
0.979492
0.97998
0.975586
0.977051
0.974121
0.978027
0.981445
0.982422
0.981934
0.975586
0.980469
0.975098
0.976562
0.979492
0.978516
0.97998
0.975098
0.977051
0.979004
0.975586
0.967285
0.970215
0.967285
0.973145
0.976562
0.981445
0.981934
0.977539
0.977051
0.98291
0.96875
0.978516
0.734375
0.730469
0.742676
0.747559
0.755371
0.75293
0.758789
0.763672
0.781738
0.879883
0.873535
0.875977
0.903809
0.928223
0.939941
0.945312
0.941406
0.942383
0.956055
0.961426
0.956543
0.960938
0.972168
0.979492
0.976562
0.979492
0.853516
0.74707
0.774902
0.775879
0.77002
0.771973
0.782227
0.790039
0.797852
0.823242
0.847168
0.868164
0.875488
0.89209
0.913086
0.935547
0.950195
0.962891
0.967773
0.976074
0.98291
0.972168
0.970703
0.97998
0.980469
0.971191
0.967285
0.966797
0.975586
0.98291
0.979004
0.975098
0.973633
0.978027
0.977539
0.978516
0.972168
0.981934
0.984375
0.983398
0.980469
0.979004
0.980957
0.981934
0.980957
0.977051
0.973633
0.96582
0.967285
0.975586
0.981445
0.970215
0.976562
0.980957
0.976562
0.967285
0.973633
0.981445
0.976562
0.981934
0.977539
0.98291
0.977051
0.979492
0.97998
0.981934
0.971191
0.969727
0.975098
0.969238
0.965332
0.978516
0.974609
0.979004
0.977539
0.725098
0.709961
0.709961
0.714844
0.709961
0.71875
0.735352
0.762695
0.770996
0.788086
0.807129
0.825684
0.841797
0.856934
0.875
0.887695
0.904785
0.924316
0.936035
0.959473
0.974609
0.977051
0.97998
0.967285
0.975586
0.973633
0.980957
0.979004
0.969727
0.979004
0.980469
0.982422
0.982422
0.985352
0.98584
0.974609
0.970703
0.976074
0.979492
0.984863
0.982422
0.980957
0.976562
0.973145
0.977051
0.978516
0.979004
0.969238
0.968262
0.977051
0.972656
0.979492
0.975098
0.976562
0.976074
0.977539
0.984863
0.986816
0.980957
0.981445
0.975586
0.979492
0.981445
0.985352
0.977051
0.977539
0.973633
0.970703
0.974609
0.979004
0.971191
0.972168
0.969238
0.979004
0.979492
0.981445
0.979004
0.974609
0.978516
0.979492
0.980469
0.978516
0.983398
0.978516
0.974609
0.976074
0.978516
0.978516
0.973633
0.977539
0.97168
0.972656
0.974609
0.974609
0.973145
0.96875
0.964844
0.963867
0.965332
0.963867
0.979004
0.978027
0.978516
0.973145
0.974609
0.983398
0.977539
0.976562
0.970703
0.976074
0.975098
0.970703
0.971191
0.975098
0.983887
0.980957
0.973633
0.978516
0.974121
0.978027
0.970215
0.975586
0.980469
0.979492
0.977051
0.983887
0.980469
0.980469
0.978027
0.969727
0.974609
0.978516
0.974609
0.979492
0.97998
0.989746
0.979004
0.972656
0.979492
0.980957
0.973145
0.965332
0.969238
0.972656
0.977051
0.978516
0.973145
0.969727
0.968262
0.977051
0.974609
0.977539
0.978027
0.974609
0.727539
0.71582
0.719238
0.820312
0.933594
0.959473
0.970703
0.966309
0.970703
0.972656
0.976074
0.975586
0.971191
0.974121
0.973633
0.973145
0.973633
0.982422
0.983398
0.98584
0.977539
0.97998
0.976074
0.979492
0.981445
0.98291
0.978027
0.978027
0.980957
0.978516
0.974121
0.970215
0.984375
0.984375
0.980957
0.97998
0.976074
0.976562
0.973145
0.974121
0.969238
0.97168
0.973145
0.972656
0.971191
0.970703
0.979004
0.976562
0.980469
0.975586
0.983398
0.977051
0.976074
0.973633
0.971191
0.973145
0.972168
0.975098
0.972168
0.978027
0.978516
0.974121
0.978027
0.97998
0.980469
0.860352
0.73291
0.716797
0.713867
0.737793
0.747559
0.755859
0.77002
0.780762
0.79834
0.805664
0.817383
0.833496
0.851562
0.888184
0.911133
0.938477
0.949219
0.958008
0.972656
0.981445
0.978027
0.976562
0.977539
0.980957
0.977539
0.978027
0.973633
0.979004
0.977051
0.97998
0.976562
0.978516
0.983398
0.979492
0.978516
0.979492
0.97998
0.978027
0.970703
0.972168
0.974609
0.977051
0.967285
0.979492
0.980957
0.980469
0.982422
0.98291
0.974609
0.973145
0.973633
0.968262
0.978516
0.977539
0.978516
0.986328
0.982422
0.981934
0.979492
0.972656
0.979004
0.977051
0.981934
0.978516
0.980957
0.981445
0.975586
0.978516
0.978027
0.97998
0.979004
0.981934
0.972656
0.97998
0.977539
0.981445
0.972656
0.981445
0.984863
0.983887
0.981445
0.978027
0.974121
0.980469
0.964844
0.973633
0.979492
0.979492
0.970215
0.975586
0.977051
0.974121
0.979492
0.977051
0.973633
0.974121
0.975098
0.983887
0.972656
0.969727
0.973633
0.964844
0.970703
0.974121
0.974609
0.974121
0.972656
0.970703
0.967285
0.963379
0.969727
0.975098
0.977051
0.982422
0.981445
0.979004
0.980469
0.978516
0.977539
0.969727
0.967285
0.733398
0.710449
0.70166
0.694336
0.700684
0.714355
0.725098
0.729004
0.736328
0.752441
0.780762
0.791504
0.806152
0.820801
0.833984
0.854004
0.863281
0.881836
0.891602
0.906738
0.913574
0.922852
0.933105
0.949707
0.953125
0.962402
0.968262
0.974609
0.967773
0.969727
0.973145
0.977051
0.975098
0.971191
0.972656
0.975098
0.970703
0.979004
0.975586
0.975586
0.977539
0.969727
0.966797
0.974121
0.976074
0.980469
0.975098
0.977051
0.971191
0.978027
0.978027
0.972656
0.983887
0.977539
0.976074
0.969238
0.975586
0.968262
0.96875
0.974609
0.977051
0.97998
0.984863
0.848145
0.72998
0.727051
0.716309
0.721191
0.713379
0.722656
0.727051
0.739258
0.745605
0.761719
0.772461
0.784668
0.791016
0.814453
0.820801
0.826172
0.834473
0.837891
0.854004
0.874512
0.884766
0.900391
0.918945
0.940918
0.946777
0.96582
0.978516
0.977051
0.971191
0.973633
0.977051
0.978027
0.974609
0.96582
0.977539
0.986816
0.978027
0.975586
0.977539
0.980957
0.980957
0.97998
0.979004
0.973145
0.968262
0.974609
0.976074
0.981445
0.984863
0.974121
0.973633
0.978516
0.975098
0.977539
0.97168
0.979004
0.975586
0.974121
0.973633
0.96875
0.976074
0.975098
0.98584
0.981445
0.987305
0.980957
0.981934
0.983398
0.970215
0.969727
0.977539
0.984863
0.980469
0.977539
0.975098
0.980957
0.975098
0.983887
0.972168
0.97168
0.974121
0.973633
0.976562
0.981934
0.977051
0.97168
0.974609
0.982422
0.977051
0.978027
0.983887
0.978027
0.977539
0.73291
0.706543
0.705078
0.702148
0.692871
0.700684
0.706055
0.729004
0.742676
0.746094
0.767578
0.794434
0.820801
0.852051
0.88916
0.908691
0.926758
0.95459
0.974121
0.981934
0.974121
0.970703
0.975586
0.980957
0.97998
0.980957
0.978516
0.973633
0.978027
0.980957
0.977051
0.974609
0.976074
0.976562
0.978027
0.981445
0.974609
0.974609
0.975586
0.978516
0.976562
0.980469
0.856934
0.728516
0.713379
0.697754
0.688965
0.698242
0.708984
0.736816
0.770996
0.802246
0.829102
0.846191
0.855957
0.877441
0.902344
0.919922
0.937988
0.951172
0.965332
0.973633
0.975098
0.96875
0.962891
0.975098
0.970703
0.96875
0.976074
0.983398
0.98291
0.978516
0.97998
0.977539
0.978516
0.969238
0.975098
0.976562
0.967285
0.974609
0.980469
0.974121
0.982422
0.982422
0.97998
0.977539
0.979492
0.973145
0.964355
0.979004
0.972168
0.973633
0.974609
0.973145
0.979004
0.979492
0.978516
0.973145
0.976562
0.973145
0.973633
0.977051
0.973145
0.973633
0.972656
0.971191
0.976074
0.977539
0.976074
0.973145
0.978027
0.979492
0.981445
0.974121
0.974121
0.979004
0.976562
0.979004
0.967285
0.978027
0.970703
0.975586
0.969238
0.973145
0.979004
0.980469
0.981445
0.975098
0.977539
0.982422
0.982422
0.977539
0.977539
0.978027
0.973145
0.979004
0.976562
0.977539
0.980957
0.983398
0.977051
0.978027
0.978027
0.978027
0.979004
0.975586
0.978027
0.973145
0.974121
0.976562
0.978027
0.985352
0.98584
0.970215
0.972168
0.978516
0.97998
0.974121
0.976074
0.974609
0.969727
0.971191
0.970703
0.975098
0.976074
0.979492
0.975586
0.972168
0.978027
0.97168
0.97998
0.976562
0.98291
0.979004
0.974121
0.981445
0.979492
0.975586
0.971191
0.977539
0.979492
0.970703
0.976074
0.978027
0.980469
0.979492
0.977539
0.971191
0.975586
0.980469
0.97998
0.975586
0.970703
0.979492
0.974121
0.977051
0.978027
0.977539
0.97998
0.980469
0.974609
0.974121
0.981445
0.980469
0.985352
0.975586
0.976074
0.977539
0.981934
0.986328
0.976562
0.979492
0.974121
0.969727
0.972656
0.977051
0.980957
0.975098
0.978516
0.978516
0.981445
0.98877
0.986816
0.978027
0.979492
0.978516
0.980469
0.972168
0.977051
0.981445
0.975098
0.977539
0.976074
0.972168
0.970703
0.973145
0.972656
0.977051
0.974609
0.974609
0.977539
0.979492
0.986328
0.983398
0.984375
0.972168
0.978027
0.979492
0.97998
0.983398
0.975586
0.976074
0.969238
0.973145
0.977539
0.975098
0.969238
0.973633
0.977539
0.975098
0.976074
0.979004
0.976562
0.975098
0.96875
0.971191
0.969727
0.97998
0.974121
0.978516
0.972168
0.978516
0.97998
0.981445
0.979492
0.978027
0.984863
0.976562
0.856445
0.728516
0.72168
0.714355
0.693359
0.690918
0.704102
0.711426
0.716797
0.723633
0.734863
0.748047
0.762207
0.783203
0.79834
0.816406
0.836426
0.852539
0.871582
0.882812
0.895996
0.913086
0.924316
0.925781
0.932129
0.943848
0.946289
0.950684
0.951172
0.95752
0.961914
0.964844
0.970215
0.978027
0.97998
0.973633
0.984375
0.979004
0.980469
0.975098
0.96875
0.973633
0.974609
0.972656
0.973145
0.980957
0.978027
0.980469
0.982422
0.974121
0.969238
0.972168
0.976074
0.975098
0.976074
0.974609
0.983398
0.979492
0.974609
0.968262
0.977051
0.981445
0.973633
0.975098
0.979004
0.980957
0.980469
0.981445
0.977051
0.966797
0.96875
0.969727
0.975586
0.980957
0.974609
0.978516
0.966797
0.976074
0.973145
0.973633
0.977051
0.967773
0.955566
0.945312
0.950195
0.96582
0.983398
0.982422
0.978516
0.97168
0.97168
0.975586
0.977051
0.973633
0.979492
0.979492
0.978516
0.980957
0.979492
0.976562
0.977539
0.979004
0.975098
0.977051
0.985352
0.980957
0.977051
0.976074
0.982422
0.976562
0.976562
0.98291
0.97998
0.980469
0.976562
0.986328
0.984375
0.980957
0.980469
0.979492
0.976562
0.978027
0.984375
0.976074
0.979004
0.977539
0.979004
0.982422
0.974121
0.976074
0.974121
0.976074
0.981445
0.979492
0.979492
0.981445
0.97998
0.979004
0.974609
0.969238
0.977539
0.978516
0.980957
0.982422
0.976074
0.978516
0.974609
0.973633
0.971191
0.974121
0.978516
0.985352
0.97998
0.978516
0.969238
0.974121
0.976074
0.981934
0.985352
0.983398
0.980469
0.979492
0.979004
0.979492
0.978516
0.977051
0.978516
0.983887
0.969727
0.974121
0.976562
0.978516
0.980469
0.977051
0.976562
0.974609
0.978516
0.978027
0.972168
0.982422
0.980957
0.981934
0.981445
0.728027
0.718262
0.690918
0.687012
0.689453
0.69873
0.700195
0.704102
0.691895
0.706543
0.719727
0.731934
0.761719
0.779785
0.798828
0.821777
0.83252
0.837891
0.845703
0.855957
0.864746
0.891602
0.916992
0.930664
0.942383
0.955566
0.969238
0.975586
0.972656
0.975098
0.98291
0.984863
0.977539
0.983398
0.979492
0.976074
0.980469
0.977051
0.978516
0.970215
0.974609
0.977539
0.97168
0.969238
0.974609
0.97168
0.97168
0.973633
0.980957
0.976562
0.973145
0.977051
0.980469
0.975098
0.980957
0.980957
0.977539
0.97998
0.979004
0.979492
0.976074
0.97998
0.976074
0.972168
0.974121
0.984375
0.979492
0.969727
0.981934
0.982422
0.982422
0.977539
0.97168
0.969238
0.975586
0.981445
0.977051
0.971191
0.970215
0.970215
0.974609
0.977051
0.982422
0.981445
0.972656
0.979492
0.980957
0.977539
0.979004
0.977051
0.968262
0.979004
0.975586
0.973633
0.979492
0.976562
0.975098
0.971191
0.978516
0.977051
0.980469
0.97998
0.978516
0.979492
0.975586
0.984375
0.724609
0.709473
0.694336
0.6875
0.719727
0.730469
0.749023
0.770996
0.768555
0.779785
0.802734
0.815918
0.833984
0.860352
0.881836
0.901855
0.921875
0.937012
0.949707
0.959473
0.95752
0.935059
0.937012
0.947754
0.953613
0.94043
0.9375
0.933594
0.9375
0.954102
0.970215
0.974121
0.977539
0.977051
0.98291
0.981445
0.981934
0.979004
0.977539
0.981934
0.979492
0.98291
0.979492
0.973145
0.969727
0.980469
0.98291
0.979004
0.974121
0.978027
0.970215
0.978516
0.968262
0.980957
0.981934
0.973145
0.978027
0.97168
0.976562
0.980957
0.97168
0.975586
0.981445
0.973633
0.976562
0.975098
0.963867
0.973633
0.979004
0.980957
0.981445
0.977539
0.97168
0.967285
0.967773
0.976562
0.977539
0.974121
0.979492
0.976074
0.983398
0.97998
0.977051
0.733887
0.754395
0.766113
0.772461
0.783691
0.793945
0.87793
0.883301
0.891602
0.897949
0.912598
0.933105
0.947266
0.952637
0.951172
0.961914
0.973633
0.973145
0.972168
0.976074
0.980469
0.976074
0.980957
0.97998
0.978027
0.98291
0.975586
0.978027
0.972168
0.96875
0.973145
0.973633
0.983887
0.983887
0.983398
0.975098
0.973633
0.969727
0.976074
0.977051
0.974609
0.976074
0.979004
0.978516
0.984375
0.978027
0.857422
0.717285
0.702148
0.69043
0.671387
0.672363
0.671387
0.67627
0.685547
0.699707
0.710938
0.721191
0.733398
0.750488
0.770508
0.781738
0.794922
0.80957
0.82666
0.844727
0.863281
0.881836
0.905273
0.79248
0.77002
0.768555
0.773438
0.799316
0.830566
0.854004
0.883301
0.898926
0.906738
0.929688
0.954102
0.969238
0.974121
0.963379
0.977539
0.97998
0.977051
0.976562
0.97168
0.972168
0.974121
0.975586
0.974121
0.976562
0.975098
0.979004
0.974609
0.971191
0.976074
0.976562
0.976074
0.981445
0.980957
0.983398
0.978027
0.975098
0.977539
0.978027
0.976074
0.975586
0.977051
0.98291
0.977539
0.975098
0.98291
0.977051
0.971191
0.98584
0.976074
0.978027
0.978516
0.982422
0.979492
0.97998
0.974121
0.971191
0.980957
0.972168
0.975098
0.972656
0.975098
0.972656
0.962891
0.976562
0.978516
0.976562
0.860352
0.725586
0.71582
0.708984
0.722168
0.724609
0.734863
0.741699
0.745605
0.758301
0.770996
0.779297
0.789551
0.799316
0.803711
0.8125
0.820312
0.844727
0.870117
0.883301
0.903809
0.916504
0.92334
0.930664
0.941895
0.944824
0.960938
0.97168
0.971191
0.968262
0.967773
0.97168
0.975586
0.975098
0.978027
0.976074
0.973633
0.980957
0.971191
0.730469
0.740723
0.745605
0.733398
0.733398
0.730469
0.902832
0.916504
0.928711
0.9375
0.947266
0.956543
0.967285
0.977051
0.981445
0.980957
0.981445
0.983887
0.981934
0.976562
0.970703
0.978027
0.974609
0.97998
0.974609
0.975586
0.975098
0.974609
0.971191
0.969727
0.96582
0.972656
0.974121
0.975586
0.965332
0.971191
0.977051
0.97998
0.982422
0.976562
0.98291
0.980957
0.977539
0.979004
0.981934
0.972168
0.972168
0.976074
0.983887
0.97998
0.979004
0.972168
0.973633
0.97168
0.972656
0.964355
0.710449
0.721191
0.727539
0.726562
0.733887
0.717773
0.743652
0.770996
0.777344
0.783203
0.808594
0.821777
0.840332
0.864746
0.888672
0.911621
0.939453
0.945312
0.959961
0.972656
0.964844
0.977051
0.978027
0.976074
0.979492
0.975098
0.976562
0.970703
0.977051
0.978516
0.729492
0.727539
0.739746
0.73291
0.735352
0.743164
0.768066
0.77002
0.776855
0.786621
0.80127
0.814453
0.817871
0.830566
0.849121
0.857422
0.871582
0.770996
0.760254
0.878418
0.890137
0.915039
0.930664
0.95459
0.956055
0.968262
0.97168
0.980469
0.977051
0.975586
0.979004
0.977539
0.983398
0.976562
0.973145
0.982422
0.975586
0.974609
0.969727
0.971191
0.972168
0.977051
0.978027
0.968262
0.963379
0.969238
0.972656
0.974609
0.974609
0.968262
0.972168
0.978027
0.977051
0.97998
0.974609
0.975098
0.980957
0.977539
0.975586
0.979492
0.974609
0.974121
0.973633
0.973633
0.974121
0.855469
0.726562
0.759277
0.757812
0.764648
0.77002
0.775879
0.783691
0.81543
0.84375
0.86377
0.891602
0.90625
0.92334
0.943848
0.956543
0.968262
0.961426
0.952637
0.970215
0.973145
0.980469
0.973633
0.972168
0.979492
0.981445
0.978516
0.97168
0.978027
0.979004
0.975098
0.979004
0.981445
0.969238
0.977539
0.976074
0.978516
0.976562
0.97998
0.984375
0.981445
0.977051
0.979004
0.979492
0.976562
0.978027
0.985352
0.974121
0.974609
0.987305
0.977051
0.975586
0.978516
0.97998
0.979004
0.979004
0.974609
0.971191
0.978516
0.977051
0.983398
0.984375
0.969727
0.972656
0.970215
0.971191
0.97168
0.96582
0.976074
0.980469
0.734375
0.733887
0.743164
0.744141
0.748535
0.745605
0.748535
0.769531
0.794922
0.814941
0.859375
0.880859
0.892578
0.902832
0.915527
0.919922
0.938965
0.941406
0.951172
0.966797
0.976562
0.978027
0.976562
0.975098
0.97998
0.979492
0.97998
0.976074
0.969727
0.977051
0.973145
0.976562
0.981445
0.979492
0.980957
0.979004
0.978027
0.975098
0.967773
0.974121
0.975098
0.976074
0.981445
0.967285
0.974121
0.978516
0.976074
0.979004
0.978516
0.984375
0.979004
0.969238
0.97168
0.980957
0.974121
0.971191
0.976074
0.98291
0.974609
0.979004
0.980957
0.980957
0.97998
0.973633
0.970215
0.975586
0.975098
0.973633
0.972168
0.976562
0.970215
0.974121
0.977051
0.977539
0.973145
0.979004
0.862305
0.722656
0.712402
0.71875
0.711426
0.724121
0.734375
0.737793
0.750488
0.756836
0.77832
0.807617
0.83252
0.844238
0.875488
0.875977
0.883789
0.911621
0.924316
0.935547
0.947754
0.964355
0.972656
0.979492
0.976074
0.972656
0.977051
0.974121
0.967773
0.975098
0.972656
0.969727
0.976074
0.972656
0.979004
0.971191
0.977539
0.970215
0.977051
0.979492
0.977539
0.976562
0.983887
0.976562
0.979492
0.974609
0.97168
0.974609
0.975098
0.973633
0.970703
0.975098
0.978027
0.974609
0.974609
0.980957
0.977539
0.973145
0.973633
0.979492
0.976074
0.975586
0.972656
0.978516
0.975098
0.979004
0.981445
0.98877
0.974121
0.968262
0.981934
0.97998
0.972656
0.974609
0.978027
0.979492
0.972168
0.978516
0.97998
0.978027
0.976074
0.967773
0.963379
0.973145
0.97168
0.980469
0.980957
0.979492
0.96582
0.976074
0.974121
0.974609
0.981445
0.980957
0.970703
0.979004
0.980469
0.986816
0.976074
0.973633
0.981445
0.974121
0.976562
0.850098
0.724609
0.741211
0.743164
0.753906
0.766602
0.774902
0.796875
0.813965
0.821289
0.853027
0.879883
0.895508
0.908691
0.926758
0.9375
0.950684
0.958984
0.970215
0.980469
0.976562
0.978027
0.975586
0.978027
0.97168
0.968262
0.962402
0.976074
0.980469
0.72998
0.717285
0.705566
0.70752
0.715332
0.719727
0.814941
0.901367
0.92627
0.945801
0.953125
0.968262
0.979004
0.972656
0.972168
0.972656
0.972656
0.98584
0.978027
0.977051
0.983398
0.98584
0.975586
0.98291
0.980469
0.978027
0.976562
0.979004
0.972656
0.975098
0.969238
0.977051
0.976074
0.980957
0.975586
0.97998
0.978516
0.979004
0.976074
0.981934
0.980469
0.975586
0.975098
0.976074
0.977539
0.978027
0.98584
0.974121
0.977051
0.978027
0.978516
0.979492
0.975098
0.969238
0.974121
0.975586
0.977539
0.975098
0.976074
0.971191
0.853027
0.71582
0.687012
0.674805
0.672363
0.678223
0.680664
0.689453
0.690918
0.696777
0.688965
0.69043
0.699707
0.720703
0.719727
0.740234
0.75
0.755371
0.763184
0.770508
0.791504
0.802734
0.82666
0.83252
0.834473
0.851074
0.86084
0.873047
0.873047
0.88916
0.90332
0.920898
0.931152
0.941406
0.95166
0.960449
0.972168
0.981934
0.980469
0.96582
0.981445
0.977051
0.983887
0.979492
0.984375
0.982422
0.979004
0.977051
0.972656
0.980469
0.978027
0.977051
0.973145
0.850098
0.725586
0.737305
0.750488
0.748535
0.763184
0.785156
0.806641
0.814453
0.831543
0.857422
0.868164
0.888184
0.902832
0.912109
0.943848
0.960449
0.96582
0.973145
0.976074
0.973145
0.975586
0.978027
0.976562
0.972168
0.972168
0.96875
0.967773
0.970703
0.980957
0.982422
0.979492
0.982422
0.97998
0.986328
0.984375
0.981934
0.977539
0.983887
0.975586
0.982422
0.976562
0.96875
0.96582
0.97168
0.984375
0.97998
0.974609
0.980469
0.972168
0.97168
0.974609
0.969727
0.973145
0.974121
0.975098
0.981445
0.977539
0.973633
0.97998
0.983398
0.976562
0.97168
0.973145
0.976074
0.96875
0.973633
0.976562
0.978027
0.982422
0.730469
0.709473
0.695312
0.687012
0.689453
0.688477
0.681152
0.691895
0.689941
0.694824
0.702637
0.713867
0.728516
0.746094
0.766602
0.786621
0.803711
0.805176
0.815918
0.847656
0.861328
0.875977
0.893555
0.905762
0.925293
0.935547
0.857422
0.74707
0.722656
0.709473
0.732422
0.744141
0.750488
0.759277
0.778809
0.789062
0.805664
0.808105
0.814941
0.827637
0.84375
0.858398
0.866699
0.87793
0.897949
0.915527
0.923828
0.949219
0.972168
0.97998
0.975098
0.971191
0.973145
0.97998
0.976074
0.98584
0.985352
0.979492
0.975098
0.966309
0.964355
0.976562
0.979004
0.975586
0.983398
0.976562
0.976562
0.96875
0.97998
0.980469
0.978516
0.982422
0.981934
0.973633
0.965332
0.973633
0.987793
0.980957
0.979492
0.978027
0.982422
0.985352
0.977051
0.979004
0.97168
0.971191
0.975586
0.980469
0.980469
0.97168
0.979492
0.981445
0.971191
0.975586
0.974121
0.966797
0.969238
0.973633
0.975098
0.976074
0.73584
0.709473
0.696777
0.682617
0.678711
0.686523
0.681641
0.6875
0.708008
0.709473
0.716309
0.732422
0.738281
0.74707
0.770508
0.790527
0.811523
0.831055
0.852539
0.864746
0.890625
0.905273
0.916504
0.924805
0.936035
0.945312
0.963867
0.98291
0.97998
0.981445
0.980957
0.981445
0.980957
0.986328
0.981934
0.976074
0.726074
0.708008
0.695801
0.697754
0.70752
0.708496
0.716309
0.723633
0.731445
0.740723
0.740234
0.753906
0.762207
0.77002
0.793457
0.804199
0.817383
0.833984
0.845703
0.849121
0.856934
0.870605
0.882324
0.883789
0.887695
0.903809
0.901367
0.911621
0.929688
0.947266
0.959473
0.975098
0.969727
0.978027
0.977051
0.97168
0.970703
0.971191
0.977051
0.965332
0.977539
0.974121
0.977539
0.972656
0.976562
0.976562
0.97998
0.984863
0.980469
0.97168
0.979492
0.979492
0.983887
0.975586
0.981934
0.976562
0.972168
0.978027
0.982422
0.981445
0.980469
0.972168
0.976074
0.98291
0.972656
0.979492
0.981445
0.980469
0.974609
0.97168
0.980469
0.983887
0.977051
0.974121
0.97998
0.981445
0.979492
0.98584
0.984863
0.977539
0.977539
0.968262
0.965332
0.969238
0.969238
0.973145
0.975098
0.977051
0.982422
0.981934
0.970703
0.976074
0.727539
0.707031
0.68457
0.683594
0.680176
0.687012
0.698242
0.700684
0.694336
0.708984
0.718262
0.73291
0.737305
0.749512
0.794434
0.826172
0.852539
0.879395
0.896484
0.925781
0.94043
0.957031
0.976074
0.969238
0.971191
0.974121
0.976074
0.978027
0.982422
0.974609
0.980469
0.976074
0.984375
0.97998
0.978027
0.976074
0.974121
0.976074
0.978516
0.978516
0.973145
0.97998
0.97168
0.975586
0.981445
0.972656
0.974609
0.977051
0.975586
0.976562
0.981934
0.979492
0.977051
0.972168
0.974121
0.978027
0.978027
0.979492
0.979004
0.976562
0.977051
0.977051
0.981934
0.983887
0.981445
0.98291
0.984863
0.977051
0.981445
0.982422
0.977051
0.978516
0.974121
0.970215
0.978027
0.980469
0.976074
0.967285
0.981445
0.981445
0.725586
0.711426
0.707031
0.700684
0.70752
0.727051
0.734375
0.749023
0.737305
0.744629
0.75
0.756836
0.761719
0.765625
0.78418
0.796875
0.819336
0.840332
0.854004
0.86377
0.875977
0.881348
0.894531
0.903809
0.771484
0.757812
0.75293
0.757324
0.774414
0.794922
0.821777
0.830078
0.85791
0.86084
0.866211
0.885254
0.906738
0.927734
0.941406
0.953125
0.958496
0.966309
0.978516
0.976074
0.978516
0.975586
0.969727
0.981934
0.984375
0.974609
0.977051
0.983887
0.983887
0.981445
0.969238
0.975586
0.970703
0.974609
0.975098
0.974609
0.975586
0.97168
0.975586
0.977539
0.969727
0.980957
0.980469
0.980957
0.983887
0.976074
0.971191
0.974609
0.976074
0.980469
0.972656
0.971191
0.978516
0.983887
0.972168
0.978027
0.976562
0.976074
0.976562
0.975098
0.981445
0.979004
0.97998
0.981445
0.977051
0.976074
0.978027
0.970215
0.972168
0.973145
0.980469
0.98291
0.97998
0.97998
0.982422
0.980957
0.980469
0.981445
0.979492
0.972168
0.958496
0.95459
0.972168
0.980469
0.980957
0.976562
0.974609
0.970703
0.974609
0.980469
0.986816
0.979004
0.730957
0.719727
0.73877
0.933105
0.951172
0.966309
0.979004
0.979492
0.97998
0.969727
0.964844
0.970703
0.978516
0.976074
0.972168
0.981934
0.976074
0.972656
0.97168
0.974121
0.977051
0.975586
0.975098
0.977539
0.983398
0.98584
0.974609
0.978516
0.977051
0.977051
0.976562
0.977539
0.96875
0.972656
0.973145
0.973145
0.977051
0.973633
0.975586
0.980469
0.97998
0.978027
0.974609
0.969727
0.967285
0.969727
0.976562
0.979492
0.978027
0.972656
0.973145
0.974609
0.979492
0.979004
0.977539
0.977539
0.975586
0.980469
0.978027
0.979492
0.972168
0.973633
0.970703
0.970703
0.983398
0.98291
0.973145
0.98291
0.985352
0.975586
0.983398
0.979004
0.980469
0.975586
0.974121
0.974121
0.972656
0.981934
0.981445
0.98291
0.976562
0.980469
0.977539
0.977539
0.970703
0.974121
0.979492
0.975586
0.975586
0.982422
0.977539
0.981934
0.984863
0.976562
0.973145
0.981934
0.981934
0.969727
0.968262
0.975098
0.971191
0.96582
0.966309
0.966309
0.973633
0.977051
0.980957
0.979492
0.977051
0.976074
0.970703
0.979492
0.979004
0.981934
0.980957
0.984863
0.978516
0.978516
0.970703
0.977539
0.968262
0.96582
0.970215
0.97168
0.845215
0.715332
0.752441
0.75293
0.76123
0.768555
0.770508
0.776367
0.782715
0.79834
0.813477
0.821289
0.849609
0.872559
0.897461
0.912598
0.908203
0.92334
0.932129
0.943359
0.951172
0.959961
0.96582
0.977539
0.975586
0.975586
0.974609
0.975098
0.971191
0.969238
0.969727
0.972656
0.973145
0.976074
0.979004
0.974609
0.970215
0.975586
0.977539
0.984375
0.984375
0.97998
0.980957
0.977051
0.976562
0.974121
0.978516
0.980957
0.972168
0.967285
0.979492
0.979492
0.971191
0.974609
0.979004
0.972656
0.969727
0.97998
0.982422
0.975586
0.975586
0.972168
0.974121
0.973145
0.974609
0.97998
0.981445
0.978516
0.981934
0.981934
0.983398
0.980469
0.973145
0.974609
0.976074
0.96875
0.967773
0.972656
0.858887
0.71582
0.700684
0.691406
0.69043
0.686035
0.92041
0.956543
0.972656
0.978027
0.978516
0.976562
0.974121
0.966797
0.967285
0.978516
0.978027
0.979004
0.979492
0.981934
0.969727
0.978516
0.971191
0.964355
0.978516
0.978516
0.980957
0.978027
0.98291
0.98877
0.979492
0.977539
0.980957
0.977051
0.975098
0.97998
0.968262
0.973145
0.972168
0.976074
0.966797
0.970703
0.970215
0.981934
0.980957
0.976562
0.977051
0.978027
0.977051
0.980469
0.97998
0.983398
0.984863
0.971191
0.967773
0.975586
0.974121
0.971191
0.98584
0.97168
0.975586
0.974121
0.973633
0.977539
0.973145
0.981445
0.975586
0.976562
0.979004
0.978516
0.977051
0.98291
0.983887
0.986328
0.979004
0.725098
0.703613
0.702148
0.69873
0.702637
0.727539
0.748047
0.76123
0.76416
0.778809
0.794434
0.803711
0.82666
0.837402
0.847656
0.866211
0.882812
0.914062
0.929688
0.77832
0.776367
0.799316
0.806152
0.812012
0.810547
0.819824
0.833008
0.848633
0.859375
0.861328
0.871094
0.899414
0.912109
0.928223
0.946777
0.955566
0.972656
0.976562
0.97998
0.980957
0.979492
0.978516
0.977051
0.97168
0.98291
0.982422
0.975098
0.977051
0.976074
0.969727
0.975098
0.978027
0.982422
0.976562
0.978516
0.984375
0.982422
0.97998
0.975098
0.980957
0.976562
0.978027
0.979492
0.972168
0.970703
0.977051
0.978027
0.978516
0.980469
0.979004
0.976562
0.978027
0.975586
0.968262
0.973633
0.982422
0.973145
0.977051
0.975586
0.976074
0.982422
0.974609
0.970215
0.979492
0.979492
0.97998
0.978516
0.977539
0.980469
0.984375
0.977539
0.979492
0.970215
0.975098
0.984375
0.855957
0.721191
0.699219
0.688477
0.686523
0.695801
0.717285
0.732422
0.749512
0.76416
0.784668
0.787598
0.801758
0.800293
0.823242
0.842773
0.849609
0.860352
0.865723
0.881348
0.907715
0.92334
0.937988
0.946289
0.961914
0.975098
0.979492
0.973633
0.976562
0.978516
0.739746
0.722656
0.708984
0.706543
0.708984
0.912598
0.945312
0.965332
0.970215
0.972656
0.981934
0.984375
0.983887
0.979492
0.975586
0.978027
0.982422
0.981445
0.974121
0.976562
0.977539
0.971191
0.97998
0.981445
0.977539
0.975098
0.970703
0.97168
0.976562
0.964844
0.975098
0.981445
0.977051
0.974121
0.852539
0.720703
0.714355
0.712402
0.715332
0.719238
0.728516
0.739746
0.756836
0.781738
0.808594
0.833496
0.843262
0.867188
0.877441
0.899902
0.915039
0.935547
0.942383
0.949707
0.947754
0.93457
0.948242
0.95166
0.972656
0.974609
0.976562
0.978516
0.976562
0.983887
0.977051
0.978516
0.973633
0.980469
0.979004
0.975586
0.981445
0.970215
0.972168
0.980957
0.980469
0.973145
0.979492
0.987793
0.983887
0.979004
0.979004
0.977051
0.97998
0.980957
0.974609
0.97998
0.972168
0.972656
0.983398
0.980957
0.968262
0.971191
0.977051
0.979004
0.975586
0.967285
0.977051
0.976562
0.979492
0.977539
0.974609
0.979492
0.973633
0.973145
0.976562
0.983398
0.976562
0.979492
0.979004
0.98291
0.737305
0.726074
0.740723
0.742188
0.752441
0.776367
0.79834
0.801758
0.808594
0.81543
0.831055
0.844727
0.865723
0.882324
0.888184
0.901367
0.92627
0.935059
0.941406
0.942383
0.951172
0.959473
0.955566
0.959473
0.967285
0.958984
0.961426
0.96582
0.978027
0.979004
0.978027
0.983887
0.978027
0.985352
0.974609
0.978027
0.978027
0.98291
0.978027
0.97998
0.982422
0.970215
0.96582
0.963379
0.979004
0.98291
0.98291
0.98291
0.979492
0.979492
0.973633
0.980957
0.980469
0.97998
0.975098
0.979004
0.980469
0.973633
0.972168
0.97168
0.969727
0.969238
0.973633
0.973145
0.980469
0.981445
0.97998
0.976074
0.979004
0.973633
0.978027
0.979492
0.97998
0.973633
0.977051
0.979492
0.96582
0.967773
0.976074
0.979492
0.977539
0.976074
0.979492
0.982422
0.979004
0.980469
0.980469
0.974121
0.982422
0.981445
0.980957
0.975098
0.981445
0.977539
0.974609
0.977539
0.970703
0.976562
0.977539
0.979492
0.975098
0.976562
0.973633
0.975586
0.973633
0.975586
0.974121
0.981445
0.979492
0.972168
0.967773
0.97998
0.973633
0.962891
0.975098
0.974121
0.979492
0.972656
0.964844
0.968262
0.978027
0.977539
0.973633
0.98291
0.858398
0.725098
0.703125
0.687012
0.687988
0.696289
0.699707
0.724121
0.730469
0.755371
0.780762
0.813965
0.835938
0.862305
0.878906
0.895996
0.914062
0.9375
0.950195
0.964355
0.97998
0.976074
0.971191
0.984375
0.978027
0.973633
0.976562
0.97998
0.981934
0.977539
0.979492
0.983887
0.977539
0.977051
0.978516
0.978027
0.97998
0.97998
0.983398
0.980957
0.976074
0.972656
0.975586
0.980957
0.98291
0.977051
0.972656
0.975098
0.977539
0.977539
0.97998
0.977051
0.984863
0.983887
0.979492
0.975586
0.975586
0.972168
0.857422
0.727539
0.711426
0.702148
0.697754
0.69873
0.709473
0.728027
0.746582
0.760254
0.772949
0.783691
0.79541
0.827637
0.837891
0.850586
0.879883
0.893066
0.909668
0.921875
0.947266
0.966797
0.972656
0.977051
0.977051
0.972168
0.979492
0.970703
0.97168
0.966309
0.974121
0.98584
0.984863
0.980957
0.97998
0.979492
0.978516
0.970703
0.967773
0.962891
0.970703
0.972656
0.976562
0.975098
0.971191
0.97168
0.973145
0.973633
0.976562
0.975098
0.973145
0.979004
0.978516
0.981934
0.971191
0.980469
0.975098
0.98291
0.984375
0.97998
0.979492
0.980957
0.982422
0.977051
0.976562
0.978027
0.984863
0.98291
0.978027
0.976074
0.967285
0.976562
0.979004
0.974609
0.984375
0.973145
0.970703
0.978516
0.97168
0.971191
0.978516
0.973633
0.973145
0.974609
0.975098
0.968262
0.975586
0.975586
0.971191
0.971191
0.972168
0.975098
0.853027
0.726562
0.705566
0.696289
0.688477
0.703613
0.726074
0.731934
0.74707
0.772461
0.788574
0.79248
0.793945
0.79834
0.819824
0.830078
0.839844
0.851562
0.866699
0.890137
0.900879
0.915039
0.930176
0.950195
0.960938
0.972656
0.981445
0.972656
0.973145
0.977051
0.976562
0.979492
0.979004
0.977051
0.977539
0.97998
0.98291
0.984375
0.978027
0.978516
0.977539
0.972168
0.976562
0.962891
0.964355
0.973633
0.975098
0.974121
0.974609
0.973633
0.976074
0.976074
0.96875
0.967773
0.977051
0.973145
0.980469
0.974609
0.978027
0.978027
0.97168
0.981934
0.983398
0.976074
0.961426
0.978516
0.977051
0.981934
0.98291
0.981934
0.976562
0.974609
0.979492
0.975098
0.974609
0.977051
0.970703
0.978516
0.980469
0.980469
0.983398
0.986328
0.853027
0.726074
0.716797
0.711426
0.716309
0.725098
0.750488
0.758789
0.773438
0.777832
0.793457
0.808594
0.833008
0.855957
0.873047
0.879883
0.895508
0.90918
0.923828
0.938965
0.944336
0.947754
0.959961
0.972656
0.983398
0.978027
0.977051
0.979492
0.97168
0.981445
0.979492
0.976562
0.978027
0.977051
0.987305
0.976074
0.975586
0.96875
0.967285
0.976074
0.983398
0.979492
0.858887
0.723633
0.703125
0.696289
0.687988
0.686523
0.702637
0.713867
0.717285
0.729004
0.739746
0.75293
0.76709
0.780762
0.79248
0.803223
0.821777
0.840332
0.854004
0.875488
0.889648
0.910645
0.928223
0.953125
0.964355
0.974609
0.984375
0.98877
0.981934
0.976562
0.973145
0.975098
0.974121
0.973633
0.967773
0.974609
0.970703
0.98291
0.975098
0.979492
0.976074
0.977539
0.977539
0.974609
0.978516
0.979004
0.983398
0.978516
0.982422
0.981445
0.983887
0.856445
0.723145
0.712891
0.722656
0.730469
0.739746
0.748535
0.763184
0.75293
0.811523
0.851562
0.867676
0.881836
0.894531
0.913574
0.934082
0.940918
0.958496
0.967773
0.975586
0.973145
0.973633
0.972168
0.977539
0.973145
0.972656
0.96875
0.980957
0.981445
0.972168
0.97998
0.982422
0.981934
0.973633
0.969727
0.970703
0.977051
0.977539
0.977051
0.974609
0.979004
0.979004
0.968262
0.979492
0.976562
0.97998
0.973145
0.980957
0.98291
0.970703
0.980957
0.974609
0.983398
0.977051
0.973145
0.973633
0.980957
0.979492
0.98291
0.980957
0.980957
0.979004
0.979004
0.972168
0.983398
0.983398
0.984863
0.979492
0.974121
0.975586
0.981934
0.979004
0.983887
0.973633
0.973633
0.975586
0.980469
0.979004
0.976562
0.975098
0.978027
0.980957
0.974609
0.974121
0.976074
0.974121
0.983887
0.977051
0.973145
0.980957
0.980957
0.978027
0.981934
0.987305
0.981445
0.977539
0.971191
0.978516
0.976562
0.975098
0.981445
0.974609
0.966797
0.976562
0.975586
0.972168
0.973633
0.981445
0.982422
0.97998
0.979004
0.973145
0.973633
0.977051
0.975586
0.978516
0.981934
0.973633
0.975098
0.980469
0.98291
0.975586
0.97998
0.983887
0.981445
0.979492
0.97168
0.969727
0.975098
0.967773
0.977539
0.971191
0.970703
0.970215
0.98291
0.734863
0.716797
0.701172
0.715332
0.733887
0.758789
0.764648
0.783203
0.803711
0.814453
0.834961
0.844727
0.858398
0.865723
0.876465
0.898438
0.903809
0.91748
0.931641
0.944336
0.950684
0.961426
0.961914
0.977539
0.984863
0.978516
0.980957
0.979492
0.850098
0.719727
0.702637
0.683105
0.686523
0.678223
0.683594
0.687988
0.678223
0.685059
0.687988
0.702148
0.706543
0.730469
0.740234
0.759766
0.776855
0.802734
0.827637
0.846191
0.856445
0.874512
0.890137
0.904297
0.922852
0.9375
0.955566
0.96582
0.979492
0.976074
0.976074
0.975586
0.97998
0.973145
0.970215
0.975586
0.973633
0.978516
0.974609
0.973145
0.983398
0.970215
0.972168
0.980957
0.977051
0.977539
0.975098
0.97998
0.968262
0.980957
0.977051
0.986328
0.976562
0.966309
0.963867
0.972656
0.978027
0.969238
0.975586
0.97168
0.973633
0.967773
0.972656
0.967773
0.97998
0.978516
0.978516
0.98291
0.973633
0.722656
0.706055
0.696289
0.686523
0.700195
0.691895
0.692871
0.69043
0.713867
0.737793
0.757324
0.790527
0.807617
0.836426
0.862305
0.873535
0.884277
0.911133
0.921387
0.93457
0.946289
0.95752
0.956055
0.964355
0.973145
0.981934
0.978027
0.977539
0.980469
0.980469
0.969238
0.980957
0.983398
0.980469
0.978027
0.978516
0.978516
0.855469
0.72168
0.693848
0.687988
0.693359
0.685547
0.687012
0.689941
0.701172
0.717285
0.740234
0.76123
0.76416
0.772461
0.790527
0.808594
0.833496
0.853027
0.869141
0.880859
0.896484
0.916992
0.924805
0.936035
0.955078
0.972168
0.979492
0.980957
0.97168
0.983398
0.974609
0.975586
0.979492
0.716309
0.691895
0.685059
0.68457
0.687988
0.697754
0.708496
0.717773
0.733398
0.722656
0.720215
0.73877
0.745117
0.762695
0.775879
0.794922
0.811035
0.847168
0.875488
0.913574
0.929688
0.943359
0.948242
0.952637
0.970215
0.974121
0.977051
0.972656
0.860352
0.722656
0.706055
0.708496
0.717773
0.734863
0.737793
0.748047
0.74707
0.768066
0.779785
0.79541
0.812988
0.830078
0.845215
0.852051
0.866211
0.875488
0.87793
0.900879
0.912109
0.925781
0.930664
0.949219
0.950195
0.972168
0.98291
0.974609
0.977539
0.980469
0.974121
0.979004
0.973633
0.978027
0.97998
0.981445
0.980469
0.982422
0.976074
0.969727
0.979004
0.978027
0.977539
0.974609
0.974121
0.978516
0.985352
0.979492
0.976562
0.97998
0.972656
0.97998
0.972168
0.970215
0.974121
0.970703
0.976074
0.977051
0.979492
0.980469
0.977539
0.981445
0.979492
0.978027
0.981934
0.977539
0.978027
0.976562
0.97998
0.979492
0.976074
0.977539
0.974121
0.973145
0.974121
0.981445
0.97998
0.973145
0.976562
0.974121
0.978027
0.976074
0.977051
0.978516
0.982422
0.984863
0.974609
0.975098
0.974609
0.975586
0.980469
0.977539
0.981445
0.979492
0.975586
0.972168
0.976562
0.978516
0.979004
0.979492
0.974121
0.980469
0.974609
0.973633
0.968262
0.974121
0.981445
0.98291
0.971191
0.969727
0.975098
0.976074
0.976074
0.984375
0.97998
0.973633
0.726074
0.711914
0.691895
0.687012
0.677246
0.685059
0.691895
0.701172
0.717773
0.728027
0.751465
0.779785
0.808594
0.833984
0.845703
0.859375
0.877441
0.895996
0.924316
0.924805
0.929199
0.937012
0.950195
0.969238
0.978027
0.977539
0.978027
0.980469
0.983398
0.98291
0.979004
0.971191
0.976074
0.978516
0.972656
0.972168
0.973633
0.968262
0.974121
0.981445
0.978027
0.969727
0.975586
0.980957
0.975586
0.969238
0.964844
0.95459
0.961914
0.971191
0.967773
0.851562
0.723145
0.711426
0.710449
0.708984
0.720215
0.808105
0.895996
0.898438
0.92627
0.939941
0.95459
0.96875
0.973145
0.981445
0.976562
0.984375
0.989258
0.978516
0.981445
0.975098
0.982422
0.976562
0.982422
0.984375
0.984375
0.981445
0.979004
0.976074
0.978516
0.976562
0.979492
0.97998
0.980957
0.98291
0.980957
0.980469
0.977051
0.975098
0.979492
0.978027
0.980469
0.978516
0.971191
0.96875
0.975586
0.977539
0.974609
0.976562
0.980469
0.981445
0.979492
0.979492
0.981445
0.976562
0.973633
0.970215
0.977539
0.983398
0.977051
0.977539
0.974609
0.977051
0.977051
0.979004
0.975098
0.971191
0.976562
0.96875
0.976562
0.973145
0.974609
0.981934
0.729492
0.712402
0.708008
0.713867
0.71582
0.724121
0.730957
0.743652
0.753418
0.76416
0.782715
0.784668
0.812988
0.833496
0.851074
0.873047
0.902344
0.910645
0.92334
0.936523
0.945312
0.962891
0.963379
0.969727
0.973145
0.976074
0.966309
0.976074
0.977539
0.980469
0.978516
0.981934
0.984375
0.978027
0.976562
0.968262
0.975586
0.976562
0.973633
0.970703
0.97168
0.986816
0.971191
0.972656
0.975098
0.973633
0.976074
0.97998
0.974121
0.969727
0.970703
0.964844
0.967285
0.961426
0.97168
0.968262
0.977051
0.982422
0.975586
0.977051
0.976074
0.979492
0.975098
0.971191
0.970215
0.974609
0.970215
0.964844
0.978027
0.974609
0.965332
0.973145
0.972656
0.97998
0.980957
0.974121
0.971191
0.979492
0.979492
0.975098
0.974609
0.972168
0.970215
0.974609
0.975586
0.972656
0.974121
0.969727
0.970215
0.976562
0.977539
0.975098
0.974609
0.978027
0.972168
0.976074
0.981934
0.973633
0.974609
0.980957
0.973633
0.978516
0.977051
0.977539
0.97998
0.979004
0.96875
0.973145
0.97998
0.980469
0.983887
0.979004
0.977539
0.979004
0.979004
0.972656
0.975098
0.977539
0.979004
0.978027
0.969727
0.97168
0.979004
0.980469
0.981934
0.980469
0.979004
0.981934
0.98584
0.975586
0.96875
0.964355
0.976562
0.975586
0.969238
0.966797
0.978516
0.974121
0.977051
0.976562
0.977539
0.974609
0.974121
0.974121
0.978027
0.978516
0.980957
0.98291
0.974609
0.98291
0.976074
0.977051
0.975586
0.982422
0.975098
0.979004
0.975586
0.976562
0.976074
0.976562
0.976074
0.978516
0.979004
0.973145
0.970703
0.973145
0.97168
0.980469
0.977539
0.975586
0.978516
0.98291
0.973633
0.972656
0.970215
0.975586
0.979004
0.96875
0.97168
0.976562
0.979004
0.97998
0.974609
0.974609
0.971191
0.974609
0.969238
0.976074
0.976074
0.973145
0.977051
0.970703
0.967285
0.977051
0.972656
0.980957
0.980469
0.983887
0.98584
0.983398
0.978516
0.981934
0.977051
0.976074
0.963867
0.961426
0.96875
0.96875
0.970703
0.975586
0.977051
0.982422
0.976562
0.975586
0.977051
0.973145
0.976562
0.978027
0.974609
0.970215
0.975098
0.980469
0.980957
0.970215
0.977539
0.973633
0.97168
0.968262
0.974121
0.980957
0.98291
0.976562
0.978516
0.981934
0.97168
0.975586
0.97998
0.976074
0.970215
0.984375
0.983887
0.976074
0.981445
0.978027
0.974609
0.977539
0.978516
0.972168
0.982422
0.85791
0.729492
0.723633
0.716797
0.724121
0.748047
0.757812
0.76709
0.772461
0.785156
0.800781
0.80957
0.838379
0.84668
0.868652
0.898438
0.908691
0.916992
0.932617
0.944824
0.958008
0.973145
0.981934
0.977539
0.980957
0.974121
0.977051
0.978516
0.980469
0.975586
0.973145
0.977051
0.969727
0.973633
0.975098
0.973145
0.975586
0.984375
0.970215
0.977539
0.97168
0.976074
0.977539
0.975098
0.978516
0.974121
0.976074
0.972656
0.971191
0.966797
0.965332
0.972168
0.978516
0.977051
0.979004
0.97998
0.98877
0.979004
0.974609
0.975098
0.975586
0.975586
0.975586
0.96875
0.974121
0.974121
0.977539
0.973633
0.976562
0.978516
0.972168
0.977051
0.980957
0.964844
0.96875
0.967285
0.978027
0.979004
0.975586
0.97168
0.970703
0.970703
0.978027
0.975586
0.974609
0.974609
0.983398
0.983887
0.975098
0.856934
0.71582
0.702637
0.701172
0.703125
0.711914
0.724121
0.745605
0.778809
0.82373
0.864746
0.880859
0.909668
0.929688
0.944824
0.95752
0.972168
0.979492
0.977539
0.975098
0.974121
0.972656
0.731445
0.718262
0.725098
0.732422
0.734375
0.741699
0.749512
0.76416
0.769043
0.791016
0.817871
0.835938
0.851074
0.87207
0.893066
0.914062
0.933105
0.956543
0.964355
0.977539
0.972656
0.968262
0.968262
0.966797
0.965332
0.952148
0.933594
0.922363
0.910645
0.912109
0.921387
0.946777
0.969238
0.972656
0.96582
0.97998
0.975098
0.973145
0.972168
0.976074
0.981445
0.978516
0.981445
0.976074
0.975098
0.970703
0.973145
0.980469
0.97998
0.977539
0.96875
0.969238
0.977539
0.978027
0.973633
0.96875
0.974121
0.968262
0.972168
0.978516
0.977051
0.972656
0.972168
0.976562
0.979004
0.978027
0.980957
0.96875
0.978027
0.967285
0.978516
0.976562
0.979004
0.974121
0.973633
0.974121
0.974609
0.978516
0.98291
0.97998
0.980957
0.975586
0.978516
0.980957
0.975586
0.97998
0.977539
0.980957
0.983398
0.978516
0.981445
0.981934
0.972168
0.973633
0.974121
0.978027
0.979004
0.985352
0.97998
0.973633
0.977539
0.97998
0.979492
0.987793
0.978516
0.982422
0.988281
0.97998
0.981934
0.978516
0.973145
0.975586
0.976562
0.976074
0.980957
0.978027
0.983887
0.981934
0.980469
0.979004
0.966309
0.975098
0.979492
0.977539
0.984863
0.983887
0.975098
0.976562
0.978027
0.977539
0.975098
0.979004
0.975586
0.973633
0.974121
0.972168
0.977051
0.977539
0.975098
0.975586
0.974121
0.96875
0.973145
0.976074
0.976562
0.975098
0.979492
0.977051
0.975586
0.973633
0.970703
0.973633
0.980957
0.977539
0.979004
0.98291
0.980957
0.974121
0.974609
0.974121
0.981934
0.979004
0.978027
0.97168
0.976074
0.982422
0.986816
0.977051
0.973633
0.970703
0.976074
0.980957
0.970703
0.970703
0.974121
0.977539
0.97168
0.981445
0.969727
0.983887
0.977051
0.977539
0.976562
0.973145
0.976562
0.976074
0.972168
0.966309
0.973633
0.972168
0.978516
0.981445
0.975098
0.976074
0.972656
0.973633
0.967285
0.969238
0.970215
0.97998
0.974609
0.963379
0.972168
0.971191
0.979492
0.986816
0.98291
0.987305
0.976074
0.975586
0.978516
0.985352
0.973633
0.974609
0.972168
0.970703
0.983887
0.978516
0.98584
0.987793
0.978516
0.981445
0.971191
0.976074
0.982422
0.977539
0.978027
0.977051
0.981934
0.979492
0.972168
0.977539
0.975098
0.977539
0.978516
0.980957
0.983887
0.981445
0.981445
0.982422
0.980957
0.738281
0.724121
0.710938
0.712891
0.734375
0.746094
0.750977
0.753418
0.770508
0.787109
0.804199
0.819824
0.836426
0.85498
0.881348
0.894531
0.905762
0.928711
0.944336
0.949707
0.958984
0.96582
0.967773
0.976562
0.985352
0.973633
0.972656
0.98291
0.978027
0.980957
0.979492
0.85791
0.72998
0.718262
0.716309
0.722656
0.728027
0.754395
0.757324
0.811035
0.873047
0.87207
0.878418
0.889648
0.894043
0.902344
0.90625
0.919434
0.928223
0.929688
0.943848
0.949707
0.952148
0.959473
0.969238
0.97998
0.979492
0.978516
0.97998
0.975098
0.976074
0.977539
0.976562
0.976074
0.978027
0.976562
0.978516
0.978027
0.971191
0.970703
0.973633
0.973633
0.974121
0.972168
0.98291
0.984375
0.979004
0.973633
0.974609
0.966797
0.973633
0.973633
0.974121
0.979004
0.85498
0.722656
0.706055
0.691895
0.677246
0.681641
0.675293
0.680664
0.691895
0.703613
0.718262
0.716797
0.71582
0.715332
0.723145
0.714844
0.729492
0.737305
0.743164
0.754883
0.760254
0.77002
0.774902
0.800781
0.817383
0.834473
0.850586
0.870605
0.890625
0.894043
0.898438
0.902344
0.90332
0.911133
0.92041
0.92627
0.928711
0.93457
0.945312
0.961914
0.979492
0.72998
0.712891
0.696289
0.683105
0.693359
0.738281
0.75293
0.768555
0.784668
0.788086
0.8125
0.836426
0.853027
0.868652
0.882324
0.905273
0.92041
0.930176
0.932129
0.935547
0.938965
0.949219
0.967285
0.973145
0.977539
0.978516
0.976562
0.973145
0.977539
0.97998
0.977051
0.974121
0.973145
0.978027
0.971191
0.972656
0.97998
0.973633
0.974609
0.982422
0.978027
0.980469
0.98291
0.979004
0.980469
0.978027
0.976562
0.976562
0.971191
0.977539
0.977051
0.975098
0.985352
0.984375
0.98584
0.859375
0.729492
0.738281
0.743652
0.736816
0.726562
0.731934
0.734375
0.741211
0.740723
0.739258
0.755859
0.770508
0.783203
0.804688
0.829102
0.851074
0.858398
0.876953
0.891602
0.908691
0.925781
0.938965
0.950195
0.97168
0.978027
0.979492
0.976562
0.972656
0.969238
0.979004
0.97998
0.981934
0.979492
0.975098
0.972656
0.96875
0.979004
0.970215
0.985352
0.977539
0.979492
0.983398
0.974121
0.964844
0.969727
0.968262
0.97998
0.978027
0.97168
0.974609
0.981934
0.975098
0.970703
0.979004
0.97168
0.723633
0.731934
0.759766
0.764648
0.765137
0.78125
0.782227
0.79541
0.813965
0.825195
0.845215
0.853516
0.852539
0.877441
0.895996
0.907715
0.916504
0.924805
0.9375
0.946777
0.956055
0.967773
0.851074
0.729492
0.747559
0.743164
0.75293
0.759766
0.77002
0.79248
0.818848
0.846191
0.868652
0.888184
0.913086
0.930176
0.950195
0.966309
0.975586
0.978027
0.97168
0.972656
0.96875
0.969238
0.975098
0.975098
0.97998
0.983398
0.977539
0.983887
0.979492
0.730469
0.719727
0.711426
0.717773
0.729492
0.740723
0.757324
0.771484
0.888184
0.837402
0.787598
0.805664
0.817383
0.844727
0.864746
0.883301
0.897949
0.79248
0.817383
0.875488
0.908691
0.939453
0.943848
0.953125
0.964844
0.971191
0.979004
0.975586
0.974121
0.977539
0.977539
0.979004
0.97998
0.98291
0.978027
0.978516
0.98291
0.984863
0.981445
0.98291
0.979004
0.975098
0.974121
0.98584
0.980469
0.982422
0.979492
0.98291
0.978027
0.727539
0.729004
0.733398
0.750977
0.754395
0.740234
0.750977
0.769043
0.776855
0.787109
0.79248
0.808105
0.831543
0.854004
0.869629
0.889648
0.897461
0.909668
0.925293
0.935547
0.944824
0.943848
0.939453
0.953125
0.96875
0.977539
0.975098
0.98291
0.979492
0.973633
0.980957
0.977539
0.979004
0.975098
0.984863
0.98291
0.976562
0.969238
0.977051
0.979004
0.979004
0.984863
0.984863
0.977051
0.969238
0.974609
0.977051
0.978027
0.977539
0.978516
0.975098
0.973633
0.974121
0.970703
0.979004
0.979492
0.979004
0.97998
0.977539
0.977539
0.978027
0.98291
0.984375
0.980957
0.97998
0.982422
0.977051
0.980957
0.980469
0.969727
0.967773
0.973633
0.978516
0.984863
0.982422
0.978027
0.978516
0.978027
0.97998
0.98584
0.978516
0.976562
0.971191
0.97168
0.973633
0.979004
0.979492
0.972656
0.977051
0.980469
0.981445
0.983398
0.976562
0.976562
0.978027
0.974609
0.975586
0.97998
0.978516
0.979492
0.981445
0.988281
0.977051
0.980957
0.984375
0.728516
0.749023
0.742676
0.755371
0.769043
0.783203
0.789062
0.792969
0.802246
0.816406
0.826172
0.842285
0.860352
0.883301
0.904297
0.921875
0.939941
0.959473
0.97168
0.978027
0.978027
0.981445
0.971191
0.968262
0.974121
0.97998
0.976074
0.97998
0.977051
0.977539
0.977051
0.975098
0.973145
0.979492
0.978516
0.975098
0.971191
0.973145
0.97168
0.970703
0.969727
0.976074
0.976074
0.969238
0.858398
0.720703
0.699219
0.692871
0.697266
0.710449
0.720703
0.723633
0.812988
0.900879
0.908203
0.919434
0.934082
0.949707
0.96875
0.983398
0.98584
0.973145
0.982422
0.972656
0.979004
0.968262
0.97168
0.977539
0.989746
0.98584
0.981445
0.977051
0.98291
0.98584
0.978516
0.973633
0.977539
0.980957
0.981445
0.975586
0.978516
0.978027
0.970703
0.97998
0.977539
0.980469
0.981445
0.979492
0.974609
0.977051
0.976074
0.982422
0.97998
0.981445
0.977051
0.980957
0.985352
0.979004
0.96875
0.972168
0.977539
0.973633
0.975586
0.97998
0.978516
0.979004
0.974609
0.98584
0.97998
0.977539
0.980957
0.969727
0.97998
0.976562
0.977539
0.980957
0.970703
0.974609
0.97168
0.975586
0.978027
0.972168
0.978027
0.980469
0.975098
0.970703
0.970215
0.977051
0.976074
0.972656
0.978516
0.980957
0.971191
0.979004
0.98291
0.983398
0.976562
0.97168
0.974609
0.978027
0.971191
0.972656
0.976562
0.974121
0.982422
0.98584
0.983398
0.980957
0.979004
0.978516
0.979492
0.975586
0.984863
0.727539
0.720703
0.712402
0.701172
0.702148
0.695801
0.699219
0.70752
0.72168
0.727539
0.754883
0.764648
0.848145
0.864746
0.893555
0.898438
0.90332
0.915527
0.93457
0.950684
0.946289
0.961914
0.964844
0.98291
0.97998
0.984863
0.975586
0.980957
0.982422
0.987305
0.984863
0.983887
0.974121
0.979004
0.978027
0.973633
0.970215
0.974609
0.981934
0.980957
0.974609
0.977539
0.97998
0.986816
0.982422
0.97998
0.975586
0.986328
0.983887
0.973633
0.977539
0.98291
0.97998
0.971191
0.979004
0.979004
0.968262
0.968262
0.975098
0.977539
0.980469
0.981445
0.975586
0.96875
0.96582
0.963379
0.971191
0.98291
0.980469
0.978516
0.731445
0.730957
0.714355
0.698242
0.717285
0.731445
0.735352
0.742188
0.757324
0.768066
0.769531
0.772461
0.79834
0.803711
0.818848
0.844727
0.864746
0.878906
0.895508
0.904297
0.915527
0.91748
0.940918
0.959961
0.965332
0.977539
0.97168
0.985352
0.975586
0.976074
0.976074
0.985352
0.979004
0.973633
0.720703
0.719727
0.717285
0.722656
0.737305
0.936523
0.949219
0.970215
0.97168
0.976074
0.976562
0.979004
0.977051
0.974609
0.980957
0.969727
0.973633
0.976562
0.969727
0.97168
0.977539
0.979492
0.980469
0.979492
0.977051
0.974609
0.976074
0.973633
0.976562
0.978027
0.972656
0.974609
0.979004
0.981445
0.974609
0.973145
0.98291
0.98291
0.981934
0.969238
0.969727
0.977539
0.980957
0.973633
0.969238
0.970215
0.975098
0.97998
0.979492
0.983398
0.978516
0.981445
0.976074
0.97998
0.974121
0.986816
0.972656
0.970703
0.978516
0.976562
0.976074
0.969238
0.977539
0.975098
0.972656
0.975098
0.972656
0.966309
0.97168
0.976074
0.973633
0.978027
0.980469
0.984375
0.978516
0.973145
0.972168
0.978027
0.978027
0.970703
0.975098
0.978027
0.982422
0.978516
0.976074
0.978516
0.977051
0.981445
0.98291
0.975098
0.979004
0.975586
0.978027
0.966797
0.97998
0.979004
0.970703
0.972656
0.976562
0.976562
0.98291
0.979492
0.980957
0.980957
0.978027
0.979004
0.972168
0.972168
0.852539
0.73291
0.733398
0.744629
0.760742
0.761719
0.765137
0.776367
0.797363
0.816406
0.822754
0.83252
0.850586
0.858398
0.875977
0.886719
0.89209
0.908691
0.913574
0.911133
0.915527
0.921387
0.931152
0.942383
0.947754
0.958984
0.968262
0.980469
0.983398
0.980957
0.976562
0.976562
0.979004
0.977051
0.969238
0.979004
0.978027
0.976562
0.978516
0.98291
0.97998
0.981445
0.980957
0.979492
0.97168
0.97168
0.977051
0.97998
0.979492
0.977051
0.979492
0.981445
0.971191
0.974609
0.969238
0.979492
0.980957
0.989746
0.976074
0.967773
0.968262
0.972168
0.97998
0.984375
0.975098
0.975098
0.984375
0.98291
0.974609
0.976562
0.978516
0.979492
0.97998
0.969727
0.973633
0.981445
0.971191
0.979004
0.984375
0.972656
0.973145
0.976562
0.97998
0.973145
0.964844
0.974609
0.974609
0.976562
0.973633
0.982422
0.98291
0.986816
0.984375
0.976562
0.975586
0.970703
0.979004
0.984863
0.980957
0.972656
0.966797
0.97168
0.98291
0.974609
0.966309
0.973145
0.977539
0.976074
0.973633
0.725586
0.702148
0.694824
0.699707
0.70752
0.707031
0.71582
0.716309
0.731445
0.731934
0.737305
0.751953
0.756348
0.762207
0.786133
0.787598
0.784668
0.791016
0.800781
0.804688
0.804688
0.811523
0.821777
0.828613
0.838379
0.862793
0.887207
0.895508
0.908203
0.914062
0.909668
0.919922
0.9375
0.953613
0.967285
0.967285
0.97998
0.981445
0.978516
0.966797
0.974609
0.973145
0.978027
0.974121
0.972168
0.977539
0.979004
0.978516
0.977539
0.736328
0.787598
0.820801
0.821289
0.836914
0.854004
0.859863
0.888672
0.905762
0.921875
0.946289
0.958496
0.964844
0.972168
0.969238
0.978516
0.973633
0.973145
0.976074
0.976562
0.736328
0.71582
0.69873
0.686035
0.69043
0.703125
0.707031
0.706055
0.716309
0.728516
0.746094
0.761719
0.771973
0.799316
0.819336
0.841309
0.837402
0.817871
0.824707
0.843262
0.86084
0.876465
0.899414
0.931641
0.956055
0.954102
0.970703
0.975098
0.975586
0.97998
0.980469
0.976074
0.981934
0.974121
0.967773
0.969238
0.979004
0.976074
0.978516
0.97168
0.854492
0.725098
0.715332
0.703125
0.716797
0.725586
0.730957
0.741699
0.756836
0.770996
0.793945
0.813965
0.832031
0.859375
0.898926
0.918945
0.932129
0.95459
0.96582
0.972168
0.969727
0.97998
0.980469
0.977539
0.981445
0.98291
0.972656
0.970703
0.974121
0.975586
0.980957
0.976562
0.984375
0.980957
0.981445
0.983398
0.979004
0.973633
0.974121
0.97998
0.978516
0.981445
0.979492
0.976074
0.981934
0.977051
0.979492
0.968262
0.967285
0.976074
0.976074
0.977051
0.976562
0.987305
0.979004
0.981445
0.981934
0.986328
0.980469
0.979492
0.976562
0.987305
0.98291
0.978516
0.728027
0.719727
0.710938
0.714355
0.72168
0.740234
0.756348
0.774902
0.791016
0.813965
0.830078
0.852539
0.868164
0.89502
0.90332
0.912109
0.921387
0.933105
0.94873
0.95752
0.968262
0.969727
0.977539
0.976074
0.980469
0.981445
0.973145
0.975098
0.983398
0.984375
0.969727
0.982422
0.983887
0.984863
0.984863
0.985352
0.979492
0.979492
0.979492
0.854492
0.726562
0.723633
0.717773
0.710938
0.710938
0.714355
0.72168
0.729492
0.743164
0.745117
0.761719
0.772461
0.756348
0.774414
0.779785
0.786133
0.805664
0.836914
0.855957
0.866699
0.872559
0.893066
0.785156
0.775391
0.772949
0.766113
0.769531
0.77002
0.770508
0.781738
0.796875
0.80957
0.818359
0.825195
0.839844
0.851074
0.870117
0.870117
0.891602
0.912109
0.936035
0.95459
0.964844
0.974609
0.977539
0.981445
0.983398
0.980957
0.980957
0.980469
0.983398
0.97168
0.974121
0.978027
0.979492
0.982422
0.984375
0.975586
0.977051
0.972656
0.973145
0.972656
0.729004
0.714844
0.705566
0.689453
0.92334
0.950195
0.966309
0.97168
0.983887
0.981934
0.979492
0.974609
0.978027
0.972168
0.979492
0.981445
0.972168
0.970703
0.978516
0.97998
0.978516
0.981445
0.978027
0.983887
0.97998
0.97998
0.979004
0.978516
0.730469
0.718262
0.730469
0.735352
0.730957
0.736328
0.760254
0.776367
0.786133
0.791504
0.805176
0.825684
0.833008
0.853027
0.871582
0.881836
0.899902
0.918945
0.935059
0.952637
0.966797
0.981445
0.972656
0.974121
0.975098
0.975098
0.981445
0.975098
0.975586
0.854492
0.719727
0.71582
0.731934
0.734863
0.744141
0.75
0.762695
0.757812
0.774902
0.789062
0.804199
0.819336
0.825195
0.846191
0.867676
0.864258
0.880859
0.90625
0.929688
0.951172
0.963379
0.97168
0.978027
0.983398
0.980469
0.976562
0.97998
0.974609
0.972168
0.972656
0.973145
0.974121
0.97998
0.978516
0.980469
0.984863
0.975586
0.970703
0.974121
0.978516
0.983398
0.975098
0.976074
0.984375
0.974121
0.979492
0.972656
0.974121
0.975586
0.974609
0.97168
0.972656
0.966797
0.962891
0.976562
0.972168
0.962402
0.979004
0.983398
0.976074
0.970215
0.980469
0.98291
0.978027
0.978516
0.979492
0.981445
0.96582
0.977051
0.977051
0.979492
0.979004
0.978027
0.978516
0.974609
0.972656
0.974121
0.974121
0.978027
0.980469
0.970703
0.977539
0.975098
0.973633
0.975098
0.981934
0.974121
0.981934
0.979004
0.981445
0.976074
0.98291
0.98291
0.970703
0.973145
0.974609
0.970215
0.977539
0.978027
0.976074
0.982422
0.981934
0.983398
0.980957
0.977539
0.983398
0.973145
0.96875
0.973633
0.967285
0.962402
0.961426
0.969238
0.975586
0.964844
0.975098
0.980957
0.979004
0.976562
0.979004
0.978516
0.981445
0.979004
0.975586
0.981445
0.972656
0.978516
0.979004
0.978516
0.977539
0.973145
0.97168
0.973633
0.973633
0.972656
0.973145
0.978027
0.979004
0.980469
0.98291
0.979004
0.980469
0.981934
0.975586
0.974121
0.976074
0.980957
0.98291
0.979492
0.973145
0.973633
0.978516
0.980469
0.975586
0.981445
0.977539
0.980469
0.981934
0.977539
0.985352
0.984375
0.977539
0.978027
0.975586
0.978027
0.729004
0.720703
0.711426
0.716309
0.732422
0.746094
0.761719
0.772949
0.797363
0.833984
0.861328
0.879883
0.900879
0.914551
0.930176
0.942871
0.960449
0.97168
0.975098
0.979004
0.970703
0.973633
0.740723
0.727539
0.720703
0.714844
0.708008
0.728027
0.740234
0.742188
0.752441
0.764648
0.781738
0.82666
0.858398
0.884277
0.901855
0.92334
0.933105
0.946289
0.956055
0.963379
0.975098
0.976562
0.977539
0.979492
0.970215
0.97168
0.971191
0.969727
0.967285
0.970703
0.974121
0.97998
0.980957
0.977051
0.976074
0.969727
0.968262
0.97168
0.976562
0.966309
0.973145
0.974121
0.977539
0.98584
0.982422
0.976074
0.977051
0.977539
0.97998
0.978027
0.973145
0.976562
0.973633
0.972168
0.973145
0.981445
0.974121
0.864258
0.728027
0.706543
0.692871
0.689941
0.688477
0.709473
0.734375
0.744629
0.753418
0.758789
0.764648
0.78125
0.805176
0.826172
0.845703
0.858887
0.865234
0.883301
0.88916
0.904297
0.92627
0.935059
0.95459
0.967285
0.972168
0.974609
0.976074
0.979492
0.979492
0.975098
0.979492
0.977051
0.983398
0.968262
0.978516
0.977539
0.981934
0.979004
0.986328
0.975586
0.979004
0.979004
0.973145
0.972656
0.976562
0.977051
0.972656
0.969727
0.976562
0.981445
0.978027
0.978516
0.978027
0.979004
0.979492
0.979004
0.974121
0.973145
0.976074
0.976562
0.972168
0.976074
0.96875
0.719727
0.714844
0.69873
0.700684
0.70752
0.705078
0.728516
0.746582
0.753418
0.766113
0.775879
0.791992
0.812988
0.821289
0.843262
0.861328
0.886719
0.901855
0.92041
0.930664
0.944336
0.959961
0.972656
0.97998
0.98584
0.973633
0.972168
0.975586
0.974121
0.974121
0.97168
0.977051
0.97168
0.728027
0.710938
0.689453
0.695801
0.692383
0.698242
0.70459
0.70752
0.712891
0.727051
0.73584
0.736816
0.744141
0.750488
0.760254
0.76416
0.773438
0.801758
0.817383
0.826172
0.84375
0.849121
0.854492
0.873047
0.879395
0.890137
0.899902
0.912598
0.930664
0.94043
0.960938
0.96582
0.979492
0.982422
0.980957
0.982422
0.984863
0.968262
0.980957
0.978516
0.973145
0.973145
0.976562
0.978027
0.972656
0.977051
0.98291
0.981445
0.977539
0.980469
0.980957
0.981445
0.972656
0.976562
0.972656
0.979492
0.981445
0.983398
0.97998
0.983398
0.981445
0.979004
0.986816
0.987305
0.975586
0.978027
0.979004
0.983887
0.979492
0.980957
0.978027
0.980469
0.97998
0.977539
0.730957
0.726074
0.705078
0.699707
0.69043
0.685059
0.696289
0.708496
0.729004
0.73584
0.748047
0.75
0.767578
0.779785
0.791016
0.804688
0.835449
0.838867
0.847656
0.86084
0.884766
0.893066
0.901855
0.908691
0.921875
0.949707
0.963379
0.974609
0.975586
0.977539
0.976074
0.967773
0.974121
0.973145
0.977539
0.851074
0.714355
0.70752
0.704102
0.720215
0.74707
0.76123
0.764648
0.787109
0.835449
0.88916
0.901367
0.922363
0.921875
0.926758
0.929199
0.944824
0.961426
0.969727
0.96875
0.975586
0.972168
0.977539
0.978027
0.977539
0.980469
0.97998
0.979004
0.98877
0.978516
0.979492
0.98291
0.98291
0.983398
0.976562
0.973145
0.967773
0.972168
0.97998
0.98291
0.97998
0.983887
0.97998
0.978027
0.981445
0.976562
0.986816
0.978027
0.973145
0.979004
0.978516
0.972168
0.972656
0.975586
0.975586
0.975098
0.967285
0.97168
0.976074
0.985352
0.733398
0.708496
0.948242
0.975098
0.983398
0.979492
0.981445
0.981934
0.972168
0.978516
0.976562
0.97998
0.969727
0.977051
0.976074
0.974609
0.98291
0.982422
0.974121
0.977051
0.979004
0.978027
0.981445
0.976074
0.972656
0.969238
0.962891
0.962402
0.965332
0.969727
0.97998
0.974609
0.974609
0.980469
0.978516
0.98291
0.983887
0.980957
0.979492
0.981934
0.980469
0.975586
0.978027
0.97998
0.97168
0.972168
0.977051
0.979004
0.96582
0.970215
0.974121
0.96875
0.974609
0.976562
0.975586
0.975586
0.970215
0.977051
0.973633
0.978027
0.975586
0.977539
0.972656
0.973633
0.977539
0.973145
0.975586
0.984863
0.979492
0.974121
0.979004
0.98291
0.978027
0.984375
0.973633
0.972168
0.976074
0.977051
0.979004
0.974121
0.984375
0.979492
0.980469
0.985352
0.976562
0.979004
0.978516
0.979004
0.97998
0.970703
0.966309
0.974609
0.97998
0.987305
0.980469
0.97998
0.971191
0.972168
0.978027
0.973633
0.97168
0.974609
0.977051
0.979004
0.975586
0.981934
0.978516
0.98291
0.974121
0.972168
0.968262
0.976562
0.977539
0.97998
0.98584
0.976074
0.978027
0.976562
0.979004
0.974609
0.977051
0.970703
0.972656
0.975586
0.973633
0.976074
0.975586
0.974121
0.979004
0.975098
0.729492
0.713867
0.70166
0.696289
0.689453
0.688477
0.69873
0.700195
0.692871
0.686035
0.707031
0.730957
0.745605
0.784668
0.817871
0.838379
0.862793
0.868652
0.882324
0.895508
0.896484
0.899414
0.919922
0.933105
0.952148
0.960938
0.970703
0.976562
0.976074
0.855957
0.722168
0.711914
0.711426
0.716797
0.719238
0.722168
0.748535
0.766113
0.760742
0.787109
0.787598
0.796387
0.819824
0.821289
0.821777
0.833496
0.842285
0.851074
0.85791
0.866699
0.877441
0.884766
0.90332
0.919922
0.933105
0.946289
0.949219
0.927734
0.916992
0.916504
0.922852
0.918945
0.930176
0.933594
0.942383
0.95166
0.963867
0.966309
0.964355
0.963867
0.973633
0.979492
0.977051
0.978027
0.976562
0.975098
0.978027
0.973145
0.969727
0.969727
0.966309
0.974609
0.97998
0.97998
0.962891
0.965332
0.973633
0.720215
0.71582
0.741211
0.74707
0.750488
0.758789
0.763672
0.786133
0.801758
0.8125
0.819824
0.827148
0.839844
0.862305
0.886719
0.90332
0.916504
0.91748
0.936523
0.943848
0.951172
0.967773
0.972168
0.980957
0.981934
0.984863
0.98291
0.980469
0.981445
0.983887
0.983398
0.978027
0.97998
0.984375
0.979492
0.973145
0.976074
0.972168
0.970215
0.980957
0.976562
0.975098
0.981934
0.980957
0.97168
0.97168
0.97168
0.978027
0.982422
0.981934
0.982422
0.97998
0.981934
0.977051
0.970215
0.972168
0.979004
0.983398
0.980469
0.986816
0.974609
0.975586
0.977539
0.97168
0.97168
0.969727
0.976562
0.97168
0.981934
0.970703
0.975586
0.975586
0.982422
0.984375
0.978516
0.974121
0.972168
0.972168
0.972656
0.975586
0.982422
0.982422
0.976562
0.984863
0.852539
0.726074
0.722168
0.717285
0.723145
0.729492
0.751953
0.772949
0.783203
0.792969
0.794922
0.805176
0.809082
0.802734
0.817383
0.821289
0.845703
0.860352
0.871582
0.878418
0.891602
0.907715
0.917969
0.931152
0.94043
0.942383
0.954102
0.966797
0.975586
0.982422
0.979004
0.979492
0.97998
0.967773
0.972656
0.969238
0.975098
0.977539
0.982422
0.980469
0.978027
0.984375
0.979004
0.981934
0.981445
0.983887
0.977539
0.974609
0.97998
0.975098
0.970215
0.980469
0.982422
0.974609
0.977051
0.979492
0.984863
0.981934
0.980469
0.984863
0.973145
0.976562
0.976074
0.977051
0.974609
0.978516
0.972168
0.980469
0.977539
0.974121
0.983887
0.986816
0.978516
0.978027
0.972656
0.964355
0.973145
0.977539
0.976562
0.975586
0.969727
0.966797
0.967285
0.713379
0.693359
0.685059
0.689941
0.70166
0.703613
0.703613
0.707031
0.727539
0.746582
0.765625
0.786133
0.789551
0.801758
0.824219
0.818359
0.838867
0.861328
0.88916
0.907715
0.924805
0.948242
0.950684
0.960449
0.976562
0.970703
0.980957
0.981445
0.973145
0.973633
0.979004
0.974609
0.977539
0.976074
0.975098
0.979492
0.969727
0.977539
0.977051
0.975098
0.977051
0.980957
0.977539
0.983398
0.983398
0.983887
0.980469
0.974609
0.976562
0.972656
0.973633
0.97168
0.976074
0.972656
0.976074
0.976074
0.966309
0.971191
0.983887
0.98291
0.978516
0.981934
0.977539
0.97998
0.980469
0.981445
0.977051
0.978516
0.976562
0.976562
0.978516
0.969238
0.968262
0.96582
0.961426
0.963379
0.978027
0.976074
0.983887
0.979004
0.976562
0.975586
0.975586
0.977539
0.98877
0.981934
0.982422
0.979492
0.974121
0.85791
0.732422
0.717285
0.714355
0.72168
0.739746
0.750488
0.776855
0.84668
0.910645
0.928711
0.9375
0.944336
0.952148
0.96582
0.974609
0.975098
0.97998
0.980469
0.978516
0.981934
0.980957
0.974609
0.980957
0.981934
0.976074
0.977539
0.975098
0.976074
0.973633
0.972656
0.972656
0.975586
0.972656
0.977539
0.978027
0.976562
0.979004
0.980957
0.974609
0.976074
0.980469
0.973145
0.970215
0.976074
0.979492
0.977539
0.981445
0.979492
0.977051
0.976074
0.981445
0.978516
0.977051
0.972168
0.973633
0.979492
0.980469
0.974609
0.977539
0.977539
0.97998
0.974121
0.979492
0.979004
0.974121
0.976074
0.976562
0.974121
0.976562
0.973633
0.979492
0.978516
0.980469
0.983398
0.983398
0.975586
0.978516
0.975098
0.977051
0.976562
0.978027
0.975098
0.983398
0.97998
0.978027
0.974121
0.980469
0.980957
0.978516
0.979492
0.97998
0.971191
0.976074
0.98291
0.983398
0.979492
0.976562
0.973145
0.972656
0.973145
0.973633
0.97998
0.974121
0.967285
0.971191
0.975098
0.970215
0.713379
0.70459
0.691895
0.683594
0.680176
0.703613
0.708008
0.710449
0.724609
0.736328
0.739746
0.749023
0.763184
0.767578
0.795898
0.820801
0.833496
0.844727
0.847656
0.87207
0.884277
0.889648
0.894531
0.913086
0.919434
0.916504
0.923828
0.941406
0.948242
0.959473
0.96582
0.97998
0.975586
0.983887
0.97998
0.97168
0.973145
0.976562
0.966309
0.972168
0.978516
0.978516
0.97998
0.978516
0.986816
0.987793
0.977539
0.972656
0.974121
0.973633
0.966797
0.974609
0.981445
0.983887
0.983398
0.97998
0.976074
0.980469
0.976562
0.976074
0.983398
0.976074
0.979004
0.976562
0.978027
0.974609
0.976074
0.972168
0.978516
0.980957
0.981934
0.979492
0.976562
0.967773
0.966797
0.857422
0.729492
0.714355
0.702148
0.708984
0.710449
0.732422
0.775879
0.802246
0.831543
0.855469
0.881836
0.913574
0.929199
0.946777
0.959473
0.979492
0.974609
0.975098
0.98291
0.972656
0.985352
0.974121
0.974609
0.978516
0.977539
0.978027
0.976562
0.978027
0.98291
0.98291
0.730957
0.720703
0.701172
0.691895
0.686035
0.714844
0.730469
0.728027
0.743164
0.880859
0.881348
0.870605
0.89209
0.913574
0.711914
0.684082
0.687012
0.691406
0.697266
0.696289
0.709961
0.727051
0.76709
0.815918
0.837891
0.864258
0.881348
0.893066
0.916016
0.920898
0.93457
0.941406
0.953613
0.962891
0.976562
0.974609
0.970215
0.968262
0.974609
0.979492
0.976562
0.979004
0.980469
0.981934
0.981445
0.977539
0.978516
0.977051
0.967773
0.976562
0.970703
0.965332
0.97168
0.970703
0.969238
0.977051
0.975098
0.976562
0.976074
0.972656
0.976074
0.980957
0.976562
0.98291
0.977051
0.980469
0.983398
0.985352
0.98291
0.978027
0.979492
0.981934
0.974121
0.966309
0.971191
0.975586
0.973633
0.978516
0.976562
0.973633
0.969727
0.967285
0.97998
0.98291
0.980469
0.976562
0.967773
0.96875
0.981445
0.983398
0.978027
0.976562
0.975098
0.977051
0.978027
0.981445
0.983887
0.978516
0.978027
0.978516
0.729004
0.702637
0.687988
0.692383
0.690918
0.691406
0.683594
0.693359
0.700684
0.716797
0.744141
0.758301
0.768066
0.778809
0.789062
0.791016
0.800293
0.812988
0.839355
0.861328
0.873535
0.891602
0.908203
0.92041
0.929199
0.933594
0.94043
0.955566
0.96582
0.974609
0.977051
0.984863
0.981934
0.98291
0.98291
0.97998
0.981445
0.976562
0.976562
0.977539
0.972656
0.977051
0.98584
0.989746
0.98291
0.979004
0.976562
0.97168
0.977051
0.979004
0.977539
0.97998
0.977539
0.976562
0.966309
0.971191
0.976074
0.973633
0.976074
0.983398
0.972656
0.975586
0.974609
0.980469
0.980957
0.981934
0.985352
0.987305
0.978027
0.979004
0.975098
0.974609
0.978516
0.98291
0.97998
0.982422
0.974609
0.98584
0.976074
0.975098
0.97998
0.976562
0.980957
0.979492
0.967285
0.967773
0.963379
0.96875
0.975098
0.977051
0.980957
0.985352
0.979492
0.978516
0.981934
0.976562
0.984375
0.976562
0.981934
0.977051
0.982422
0.974121
0.970215
0.980469
0.973633
0.96875
0.974609
0.978027
0.976562
0.977539
0.975098
0.973145
0.976562
0.985352
0.98291
0.976074
0.972168
0.973633
0.977539
0.981934
0.726562
0.719727
0.714844
0.707031
0.705078
0.710449
0.729492
0.734375
0.750977
0.756348
0.774902
0.791504
0.813477
0.83252
0.851074
0.865723
0.881348
0.88916
0.901855
0.922363
0.9375
0.94873
0.97168
0.976562
0.98291
0.977051
0.97998
0.982422
0.977051
0.974609
0.982422
0.976074
0.978027
0.975098
0.975586
0.976562
0.978027
0.977051
0.974609
0.976562
0.973633
0.976074
0.976562
0.981934
0.981445
0.973145
0.968262
0.974609
0.979492
0.977051
0.977051
0.980469
0.981445
0.970215
0.971191
0.975586
0.979004
0.976562
0.983398
0.974609
0.96875
0.970215
0.977539
0.981934
0.984863
0.979492
0.981445
0.974609
0.977539
0.976562
0.980957
0.974609
0.976074
0.98291
0.980957
0.978516
0.974609
0.980957
0.97998
0.978027
0.970703
0.976562
0.980957
0.975586
0.975098
0.975586
0.97998
0.979004
0.977051
0.976074
0.978516
0.975098
0.969727
0.973633
0.981445
0.980469
0.980469
0.981445
0.980469
0.972656
0.970703
0.972168
0.973633
0.973145
0.979492
0.974121
0.970215
0.973633
0.98291
0.967285
0.96875
0.96582
0.983398
0.983887
0.73291
0.710938
0.711426
0.726562
0.73877
0.76123
0.768066
0.76709
0.770508
0.792969
0.828613
0.844727
0.863281
0.88916
0.900879
0.912598
0.922852
0.937012
0.9375
0.95166
0.963867
0.968262
0.977051
0.976562
0.970215
0.970215
0.970215
0.974121
0.971191
0.978027
0.976562
0.967773
0.969727
0.973633
0.972168
0.975586
0.974609
0.983887
0.980957
0.985352
0.977051
0.974121
0.978027
0.985352
0.978027
0.97998
0.98291
0.98584
0.981445
0.980469
0.982422
0.976562
0.975586
0.975586
0.976562
0.981445
0.975586
0.987305
0.972656
0.968262
0.973633
0.97168
0.979004
0.977539
0.976562
0.97998
0.98291
0.978516
0.973633
0.975586
0.975586
0.979004
0.983887
0.975586
0.978027
0.975586
0.978027
0.969238
0.978027
0.981445
0.984863
0.981445
0.982422
0.979492
0.975098
0.979492
0.981934
0.973633
0.973633
0.981934
0.979492
0.981934
0.978516
0.967773
0.970215
0.964355
0.97168
0.98291
0.974609
0.977051
0.978027
0.974121
0.977539
0.975586
0.971191
0.96582
0.971191
0.969727
0.962402
0.967285
0.975586
0.976074
0.980469
0.974609
0.974609
0.974609
0.981934
0.977051
0.853027
0.732422
0.721191
0.73584
0.742676
0.745117
0.744629
0.760254
0.779785
0.793457
0.806152
0.814941
0.827637
0.844238
0.860352
0.869141
0.884277
0.887695
0.902344
0.918945
0.933105
0.949219
0.961914
0.969727
0.973633
0.977539
0.980957
0.981445
0.978027
0.974609
0.975586
0.982422
0.981934
0.978516
0.983887
0.98291
0.981445
0.978027
0.979004
0.981445
0.980957
0.979492
0.973633
0.969727
0.977051
0.974609
0.981445
0.970703
0.98291
0.976074
0.976562
0.983887
0.98291
0.980469
0.97168
0.976074
0.976074
0.97168
0.973633
0.973145
0.975098
0.977051
0.974609
0.966797
0.97168
0.979492
0.98291
0.975586
0.978027
0.974609
0.978027
0.977539
0.977539
0.970703
0.967773
0.974121
0.97998
0.980957
0.97168
0.986328
0.978516
0.979492
0.978516
0.974609
0.97998
0.979492
0.983887
0.974609
0.977051
0.85498
0.72998
0.722656
0.722656
0.746094
0.765625
0.840332
0.915527
0.929199
0.956543
0.966797
0.97168
0.970703
0.970703
0.979004
0.977051
0.975098
0.975098
0.974609
0.96875
0.973633
0.983887
0.973633
0.971191
0.976562
0.984375
0.979492
0.982422
0.981445
0.97168
0.969238
0.972656
0.973145
0.975586
0.978516
0.844238
0.72168
0.703125
0.718262
0.731934
0.742188
0.759766
0.771484
0.779785
0.796875
0.811523
0.830078
0.84082
0.858887
0.864258
0.865723
0.871582
0.885742
0.896484
0.912598
0.920898
0.944336
0.95459
0.962891
0.970703
0.974609
0.97998
0.976562
0.96875
0.970215
0.976074
0.974121
0.983887
0.98291
0.976562
0.980469
0.979492
0.978516
0.98291
0.856445
0.723145
0.703613
0.708496
0.716309
0.718262
0.717285
0.727051
0.743164
0.76123
0.76416
0.770996
0.784668
0.783203
0.795898
0.792969
0.807129
0.822266
0.831543
0.84668
0.859863
0.871094
0.887695
0.912598
0.925781
0.944336
0.957031
0.963867
0.97168
0.980469
0.974121
0.974609
0.973633
0.981934
0.98584
0.97998
0.979004
0.982422
0.973145
0.974121
0.978027
0.976074
0.978027
0.980469
0.97168
0.969238
0.970703
0.974121
0.969727
0.978516
0.983887
0.970215
0.979492
0.980957
0.97168
0.974121
0.973633
0.969727
0.975586
0.975586
0.981934
0.978516
0.978516
0.982422
0.978027
0.977539
0.979004
0.973145
0.976074
0.976562
0.980957
0.973633
0.973633
0.975586
0.982422
0.980469
0.975098
0.973145
0.964355
0.97168
0.974121
0.97168
0.967773
0.979492
0.982422
0.981445
0.976074
0.979004
0.975098
0.966309
0.975098
0.970703
0.979004
0.972168
0.975098
0.976562
0.98291
0.971191
0.977539
0.979492
0.983398
0.974609
0.980957
0.976074
0.974609
0.979004
0.98291
0.980469
0.977539
0.979004
0.983887
0.978516
0.979492
0.980957
0.976074
0.977539
0.982422
0.978516
0.978516
0.975098
0.974121
0.975586
0.981445
0.974121
0.971191
0.972168
0.979492
0.978516
0.97168
0.975098
0.981934
0.970215
0.972656
0.97168
0.980469
0.978027
0.976074
0.978027
0.975586
0.978516
0.981934
0.971191
0.979004
0.973633
0.977539
0.980469
0.982422
0.986816
0.972656
0.975098
0.976562
0.975098
0.969238
0.969727
0.98291
0.97998
0.970215
0.966309
0.966309
0.974121
0.975586
0.97998
0.986816
0.974609
0.970703
0.978027
0.98291
0.981934
0.977539
0.963379
0.975098
0.969727
0.963867
0.967773
0.974121
0.970703
0.969238
0.977051
0.972656
0.977539
0.983398
0.978516
0.978027
0.977539
0.978516
0.970703
0.975586
0.967773
0.980957
0.979492
0.97998
0.980957
0.977539
0.979492
0.976074
0.971191
0.973633
0.976562
0.973633
0.975098
0.976562
0.983887
0.983887
0.977051
0.980469
0.737793
0.728027
0.695801
0.702637
0.713379
0.717285
0.730469
0.73877
0.739746
0.741211
0.756836
0.779785
0.794434
0.805176
0.825684
0.839844
0.866211
0.880371
0.898438
0.919434
0.930176
0.751953
0.734863
0.733887
0.745117
0.740234
0.741699
0.746094
0.75293
0.757812
0.763184
0.76709
0.785156
0.812012
0.820312
0.82666
0.831543
0.839355
0.854004
0.868652
0.894531
0.91748
0.930176
0.937012
0.952637
0.96582
0.977051
0.979492
0.980469
0.979492
0.978027
0.97998
0.973633
0.98291
0.973145
0.966797
0.718262
0.704102
0.705566
0.708984
0.70166
0.696289
0.703125
0.706543
0.713379
0.713379
0.72998
0.755371
0.77832
0.799805
0.816895
0.828613
0.862305
0.897949
0.924316
0.933105
0.951172
0.971191
0.977051
0.97168
0.977051
0.975098
0.980957
0.978027
0.974121
0.974121
0.979004
0.976074
0.97168
0.976562
0.978516
0.978027
0.978516
0.980469
0.983398
0.974609
0.972168
0.967773
0.972656
0.976562
0.980957
0.980957
0.977051
0.978516
0.986816
0.976562
0.974121
0.980469
0.980469
0.979004
0.979004
0.982422
0.980469
0.974609
0.97998
0.981934
0.980469
0.973633
0.973633
0.979492
0.976562
0.979004
0.98291
0.973633
0.976074
0.969238
0.973633
0.976074
0.970215
0.977539
0.975098
0.970703
0.975586
0.975586
0.980469
0.97998
0.727539
0.751465
0.757324
0.763184
0.764648
0.759766
0.772949
0.777832
0.788086
0.807617
0.818359
0.826172
0.839355
0.850098
0.861816
0.872559
0.884766
0.896484
0.913574
0.929199
0.940918
0.942383
0.950684
0.963379
0.969727
0.975098
0.98291
0.978027
0.977051
0.976074
0.975586
0.97168
0.973633
0.971191
0.972168
0.974609
0.965332
0.971191
0.977539
0.98584
0.981445
0.975586
0.97168
0.967285
0.972168
0.979492
0.982422
0.983887
0.98291
0.983398
0.980957
0.974121
0.978027
0.98291
0.978516
0.980469
0.983398
0.981445
0.974609
0.966797
0.975098
0.978516
0.980957
0.97998
0.974609
0.979004
0.979492
0.982422
0.974609
0.97168
0.976562
0.978027
0.972656
0.972168
0.978516
0.977539
0.983887
0.976074
0.981445
0.971191
0.977051
0.978516
0.983398
0.97998
0.973633
0.967773
0.974121
0.980957
0.980957
0.980957
0.979004
0.974609
0.97168
0.964355
0.974609
0.976562
0.97168
0.972656
0.975586
0.972168
0.973633
0.980469
0.975586
0.979004
0.973145
0.972656
0.98291
0.731445
0.712891
0.703613
0.713379
0.935059
0.948242
0.963867
0.971191
0.979004
0.975586
0.970703
0.967285
0.967773
0.969727
0.973145
0.972168
0.976074
0.975586
0.972656
0.976562
0.976562
0.981934
0.970215
0.979492
0.976562
0.978516
0.978516
0.976562
0.978027
0.977539
0.972656
0.983887
0.97998
0.979492
0.981445
0.975586
0.967285
0.975586
0.975098
0.96582
0.972168
0.973145
0.972168
0.973633
0.977539
0.97998
0.967773
0.973145
0.977051
0.730469
0.722656
0.733398
0.744141
0.761719
0.765137
0.768066
0.787109
0.791504
0.79834
0.81543
0.82959
0.84668
0.837402
0.843262
0.86377
0.884277
0.909668
0.926758
0.957031
0.969238
0.974121
0.978027
0.979004
0.978516
0.973145
0.978027
0.98584
0.980469
0.97998
0.98291
0.983398
0.977051
0.972656
0.976074
0.981934
0.977539
0.979004
0.976562
0.973145
0.98291
0.979004
0.972168
0.985352
0.984375
0.978027
0.973633
0.986816
0.976562
0.966797
0.964355
0.975098
0.970215
0.974609
0.980957
0.984375
0.977539
0.977051
0.983398
0.96875
0.973633
0.969727
0.972656
0.978516
0.974609
0.974121
0.97168
0.977539
0.974609
0.976074
0.97998
0.975098
0.969727
0.975586
0.977539
0.978027
0.970703
0.979004
0.978027
0.975098
0.97168
0.845703
0.708984
0.703125
0.708008
0.716309
0.71875
0.729492
0.73291
0.742676
0.755859
0.76709
0.779297
0.793945
0.841797
0.843262
0.84375
0.854492
0.87207
0.885254
0.913086
0.941406
0.958984
0.966309
0.976562
0.973145
0.977051
0.981445
0.985352
0.974121
0.974121
0.973633
0.97168
0.967773
0.969238
0.72998
0.713379
0.693848
0.687012
0.698242
0.706055
0.717773
0.741211
0.768555
0.781738
0.804199
0.812988
0.828125
0.844238
0.867188
0.88623
0.907715
0.927246
0.930176
0.949219
0.95459
0.960449
0.974609
0.979004
0.975586
0.972656
0.978516
0.979004
0.974609
0.969727
0.973633
0.977539
0.986328
0.972656
0.977539
0.976562
0.972168
0.972656
0.979492
0.980469
0.97998
0.978027
0.976562
0.978027
0.970703
0.978516
0.977539
0.981445
0.981934
0.973145
0.962891
0.974121
0.976074
0.972168
0.964355
0.968262
0.970215
0.970703
0.962891
0.978516
0.984375
0.984863
0.979492
0.981934
0.974609
0.968262
0.977051
0.98291
0.985352
0.980957
0.977051
0.981445
0.981445
0.98584
0.97168
0.982422
0.982422
0.979492
0.974121
0.979492
0.97168
0.966797
0.977051
0.976562
0.975586
0.980957
0.982422
0.976074
0.977051
0.978516
0.96875
0.981934
0.977051
0.978027
0.97998
0.974121
0.976074
0.977539
0.975586
0.979004
0.984375
0.980469
0.972168
0.978027
0.98291
0.975586
0.972656
0.977051
0.985352
0.979492
0.977051
0.975098
0.983398
0.97998
0.980957
0.980957
0.979004
0.978516
0.979492
0.983398
0.98291
0.976074
0.977051
0.982422
0.980469
0.981934
0.978027
0.968262
0.971191
0.973633
0.977051
0.976562
0.973145
0.975098
0.976562
0.96875
0.96875
0.970703
0.980957
0.977539
0.966309
0.967285
0.977051
0.973633
0.969727
0.981445
0.981934
0.974121
0.972168
0.966797
0.980957
0.979004
0.980957
0.973633
0.978516
0.981934
0.97168
0.977539
0.974609
0.979004
0.987793
0.983398
0.980957
0.978027
0.97998
0.969727
0.983887
0.983887
0.983398
0.981445
0.978516
0.981934
0.98584
0.979004
0.970703
0.972168
0.975586
0.973145
0.971191
0.972168
0.97168
0.977051
0.976562
0.96582
0.973145
0.976562
0.983398
0.98291
0.979004
0.985352
0.985352
0.977539
0.976562
0.979004
0.980469
0.982422
0.972168
0.978027
0.983887
0.970703
0.973633
0.980957
0.97998
0.980469
0.978516
0.98291
0.98291
0.974609
0.972656
0.970215
0.976562
0.970703
0.971191
0.973633
0.976562
0.973633
0.974121
0.978516
0.976074
0.977539
0.979492
0.974121
0.976562
0.970703
0.974121
0.982422
0.969238
0.975098
0.975098
0.969238
0.96582
0.967285
0.969727
0.978516
0.975098
0.980469
0.980469
0.983398
0.975586
0.97998
0.980957
0.98291
0.983887
0.98291
0.978027
0.979492
0.979004
0.984863
0.978027
0.978027
0.971191
0.976074
0.980957
0.971191
0.981934
0.97998
0.974609
0.983887
0.976074
0.972168
0.973633
0.970215
0.976562
0.975098
0.981445
0.974609
0.978027
0.967773
0.975586
0.974121
0.978516
0.984375
0.976562
0.982422
0.976074
0.973633
0.972168
0.984863
0.977051
0.97998
0.97998
0.979004
0.978516
0.978516
0.974121
0.971191
0.980469
0.975098
0.975586
0.975586
0.970215
0.979004
0.973633
0.972168
0.982422
0.977539
0.976562
0.974121
0.978027
0.979492
0.975098
0.979004
0.980957
0.983887
0.96875
0.96582
0.970215
0.972656
0.860352
0.725098
0.714844
0.71875
0.710938
0.708496
0.704102
0.719727
0.727051
0.739258
0.742676
0.76709
0.794434
0.807617
0.81543
0.823242
0.836426
0.853027
0.868164
0.877441
0.887695
0.900391
0.905762
0.918457
0.927734
0.939941
0.964844
0.974121
0.974121
0.978516
0.978027
0.972168
0.974609
0.975098
0.975586
0.975586
0.977051
0.977051
0.979492
0.983887
0.977051
0.978027
0.977051
0.979492
0.982422
0.984375
0.980957
0.975098
0.974121
0.974121
0.972656
0.720215
0.705566
0.70752
0.710938
0.708984
0.708984
0.707031
0.714355
0.713867
0.726562
0.740234
0.748535
0.756348
0.771484
0.789062
0.811523
0.827637
0.836426
0.85498
0.884277
0.919434
0.949219
0.952148
0.966797
0.966797
0.979004
0.974609
0.974609
0.973633
0.980469
0.981934
0.977051
0.971191
0.979004
0.975098
0.972656
0.976562
0.98584
0.978027
0.967773
0.970215
0.97998
0.979492
0.972656
0.974609
0.97168
0.970703
0.972168
0.976074
0.97168
0.97998
0.981934
0.97998
0.988281
0.979004
0.976562
0.984863
0.979004
0.982422
0.979004
0.976074
0.97998
0.972656
0.979004
0.982422
0.984863
0.986328
0.972656
0.966309
0.968262
0.976074
0.973633
0.979004
0.983398
0.981934
0.858887
0.729004
0.714844
0.702148
0.714355
0.717285
0.708984
0.725098
0.734863
0.734375
0.742676
0.753418
0.771484
0.788574
0.800293
0.818359
0.837402
0.85498
0.867676
0.88916
0.896973
0.911133
0.927734
0.948242
0.955566
0.964844
0.974121
0.982422
0.981445
0.97998
0.97998
0.974121
0.978027
0.973633
0.979004
0.973633
0.971191
0.975098
0.973633
0.975586
0.974609
0.980957
0.96875
0.97998
0.976074
0.978516
0.97998
0.987305
0.98291
0.984863
0.983398
0.981445
0.975098
0.972656
0.982422
0.974609
0.975586
0.976074
0.972168
0.968262
0.966309
0.975098
0.973145
0.974609
0.974121
0.972656
0.970703
0.971191
0.977051
0.976074
0.978516
0.977051
0.977051
0.976074
0.975098
0.975586
0.974609
0.979004
0.979004
0.974609
0.973145
0.979492
0.978516
0.976562
0.978027
0.975098
0.970703
0.976562
0.975586
0.96875
0.970703
0.971191
0.971191
0.974609
0.976562
0.965332
0.969727
0.975098
0.978516
0.982422
0.978516
0.980469
0.983398
0.980469
0.972168
0.97168
0.976074
0.979492
0.979492
0.980957
0.977539
0.974609
0.976074
0.973145
0.977051
0.980957
0.97998
0.984375
0.975098
0.979004
0.980469
0.96875
0.972656
0.974609
0.974609
0.979004
0.971191
0.975098
0.972656
0.964355
0.958496
0.974121
0.970215
0.973145
0.967285
0.969238
0.971191
0.96875
0.973145
0.966309
0.968262
0.979492
0.975098
0.974609
0.975586
0.974609
0.976074
0.970703
0.969727
0.976562
0.97168
0.979004
0.977539
0.977539
0.978516
0.974609
0.97168
0.970703
0.98291
0.980957
0.976562
0.978027
0.979004
0.982422
0.982422
0.969238
0.974609
0.975098
0.979492
0.975586
0.983398
0.971191
0.973633
0.973145
0.977051
0.975098
0.979004
0.983398
0.977539
0.978516
0.977051
