0.999117
0.998968
0.998899
0.998791
0.998627
0.998461
0.998449
0.998522
0.998518
0.99872
0.998903
0.998968
0.998899
0.998907
0.998913
0.998995
0.998972
0.998962
0.999008
0.999088
0.999252
0.99931
0.999271
0.999277
0.999229
0.999369
0.999338
0.999325
0.999216
0.999186
-0.993742
-0.994328
-0.994947
-0.995138
-0.995327
-0.99538
-0.995485
-0.995567
-0.995804
-0.995836
-0.99576
-0.995998
-0.996275
-0.996655
-0.996872
-0.996935
-0.996511
-0.996517
-0.996622
-0.99617
-0.995478
-0.995207
-0.995092
-0.995169
-0.995432
-0.995628
-0.995955
-0.996214
-0.996384
-0.996216
-0.996237
-0.996477
-0.996721
-0.996937
-0.99724
-0.997536
-0.997686
-0.997801
-0.00144196
0.995296
0.995922
0.996319
0.996626
0.996807
0.99696
0.997137
0.997301
0.997528
0.997675
0.997993
0.998146
0.997887
0.997652
0.997726
0.998026
0.998329
0.998524
0.99865
0.998623
0.99869
0.998672
0.998714
0.998644
0.998659
0.998632
0.998758
0.998806
0.998932
0.99901
0.998968
0.998976
0.999018
0.999075
0.999113
0.999105
0.999065
0.999033
0.99902
0.999079
0.999176
0.999224
0.999256
0.9993
0.999405
0.999411
0.999451
0.999428
0.999323
0.999235
0.999214
0.999262
0.999243
-0.994022
-0.994637
-0.995054
-0.995331
-0.995537
-0.995672
-0.995823
-0.99605
-0.996212
-0.996275
-0.996283
-0.996374
-0.996471
-0.996626
-0.996872
-0.997126
-0.997091
-0.996618
0.995237
0.995321
0.995485
0.995659
0.99604
0.996225
0.996422
0.99662
0.996754
0.997004
0.997213
0.997221
0.997215
0.997269
0.997297
0.997305
0.997089
0.997242
0.997303
0.997423
0.997515
0.997431
0.997528
0.997681
0.997864
0.99807
0.998259
0.998413
0.99847
0.998468
0.998404
0.998287
0.998253
0.99832
-0.994711
-0.995323
-0.995846
-0.996065
-0.996246
-0.996546
-0.996843
-0.99675
-0.996834
-0.996983
-0.997129
-0.99725
-0.997366
-0.997522
-0.997591
-0.99769
-0.997791
-0.997946
-0.998117
-0.99832
-0.998348
-0.998425
-0.998476
-0.998524
-0.998501
-0.998533
0.99461
0.994135
0.993519
0.993605
0.993656
0.993258
0.993473
0.993706
0.993719
0.994341
0.994713
0.99498
0.995325
0.995604
0.995787
0.996109
0.996479
0.996714
0.996964
0.997227
0.997458
0.997637
0.99777
0.997782
0.997875
-0.995329
-0.995855
-0.996315
-0.996716
-0.996979
-0.997162
-0.99728
-0.997362
-0.997496
-0.997641
-0.997694
-0.997639
-0.997704
-0.997644
-0.997778
