2678936131	1801065994	3925136598	285088606
2902994659	2749800524	981008623	3278294857
3120012504	1005351892	3596170750	3566470448
1094939202	833056914	1316546410	374647864
396278660	1623889530	695684624	178968505
2803360974	3130351381	787495055	3938989443
3594629549	3286591762	1672384408	1224096148
2337306214	2508353912	3001730636	841052288
1525181446	2374977610	1170801652	2256966959
3653564570	3119937819	1030017073	2000200253
986832661	902443057	522590424	3699649044
3165443350	2933774703	1322388439	861253817
3107208077	23287591	2923511416	4279754090
4188163472	1574259772	4077193684	1391187959
2657884657	1986519768	1097392790	4000717251
509356983	3696351921	1599701508	36576704
494765669	1006031639	2124752235	2956115680
3825904525	3102598857	2416239330	4026901012
99102883	2445045060	4241224940	3112025840
658674242	3514567234	3759070677	4015583343
2485398849	2008781928	4213644293	2711894261
4122879223	208521924	383577362	2664507118
1789886792	1391255439	3892809429	3843856507
967509790	276956416	908983061	556809587
2483331710	960418909	3152973311	3915871130
2815476852	4110001454	2789704747	319664283
212899779	3788955736	3854101801	2700248300
4076591856	2988594710	242774651	644225357
3422026865	813963693	4255149009	3626248051
3507846927	3660372398	2053506782	3752024196
977498974	1495972814	1685739740	4139973157
581534058	2192834356	1500667717	1444954986
1764035582	3329042170	3551096945	2736885188
1756990311	393612721	1372649208	1303976876
3348584366	906036192	348504541	4146169677
2111659296	3935784039	2670432492	3632085471
3073572538	854234493	2815884128	3432710174
1099258748	3393071606	1877259195	2169018117
1255525727	1528046582	3128591524	2640732497
1733689025	3396269547	554215409	2115815175
1101524617	1295818327	920058484	3197403885
2331994703	1617413258	4158396904	2263185360
1628846326	4008150744	28385228	2604448076
611671813	3540639951	2380573085	3733246471
1956832700	4267053118	3702616271	519331948
2412565403	2196064554	3027303040	3765371919
1257365546	3016677221	251160613	3587120461
935145036	3441082791	2597826467	573857235
363648368	3215924198	3402320914	704800922
3791482575	3655544012	3114519600	2906050952
3756022216	692266293	1842285020	496964989
3044438056	879608180	1273868653	170267960
207301216	1241517044	2088766017	2987725699
1206778334	927712585	1569924690	3064536366
747921629	2937763958	450990254	674973722
1859096455	2538366583	793847623	2793388483
2412152341	4233213412	283930400	3983888759
1153506808	2419693830	1867973145	1903284220
2857180015	3705698046	2093546667	3008415794
2072259481	1866883851	566244860	628259201
234157010	3601969212	501203915	935307651
1543148766	2149794902	2582784234	2300771561
1718045318	3545643791	85005928	4263681536
3827874157	2210874822	2570260759	3278306034
1042755872	1739379621	270673816	3256643872
3610260943	1840040460	736085343	2755564058
103115648	2189715395	1059834377	2832270744
2948784121	1060374062	3943612776	4153131857
369460665	669140808	2861554985	2764005514
7402230	4162192998	2729831972	519483437
3114401221	1214655300	286000626	2678402326
2673913384	2320303519	2068578905	4155493570
3136992419	3511354562	2354491222	3260057125
2519191682	2918403475	3171249378	3816092808
843891129	2517895946	950062713	4123321322
974379341	3012488870	3564228290	2545403640
2226176647	832735785	1517922943	3422143406
3481540541	184227596	1018793353	2253406610
189160220	3324915316	1309558021	1761629496
1247561189	2436171580	537197972	3496625352
4229513265	3175758240	2496782736	461103267
1194866768	1071285320	2011836769	2079674503
2949497752	3945762118	1391739133	1916159546
16908472	1238435233	2204338186	942507705
823079208	3546539600	731311868	357943884
421419932	2709701361	1435201931	2141499546
1706924274	1491721708	3781369296	4064884554
2618745431	3569836212	3316240165	2432484037
960784593	1747215048	3156567787	2762022132
2878547943	446200932	237221015	2000327229
2405889173	2160257883	3990542037	1941795525
2980911751	3736385862	1026733960	1239808393
776542191	2969579802	1272215656	2492262283
2221540531	3186020681	448103894	1421580864
1607311723	3531860498	1378366268	3561897759
650567416	2570888744	2632435469	3467543246
844921192	4030004126	286070817	1574518472
2489673629	1880518148	1062995874	3201142619
2923658768	2141308939	1685414781	3243046517
1690340679	117404039	1182997957	4057075353
3762998905	3013258160	4165489040	3881575294
2950395209	2400439604	2593870599	2344052635
411743938	832262463	360799407	2080520179
2756231074	3475959123	375906671	1219789876
3768182138	1967825589	1739948994	398265066
2066695000	1374927122	1523232535	2018659018
930939527	266331094	2166917836	2886849531
1626346045	2268934480	1696393884	1930632537
3652306844	4260112339	3345836867	944537968
2504770540	2996924900	3726699906	4293688171
1957399129	2697700360	2025213171	3578647629
2588943281	3206045829	2240893488	2861911500
1845984740	1233388294	4168261162	414230676
143471195	3796084145	714684865	1206989172
2010186843	1776840615	2843843177	2944951156
3204609519	4006208509	2647796955	3284908952
645658246	780271610	72843576	614739410
425995540	2796965437	2841010828	3732774024
2817141060	2316058143	232093389	3874593007
731221749	131990848	257682925	1626989373
1929171588	2065811747	3688891082	2789041220
2227851096	1407449220	353049489	2872565336
3854052635	127926799	2152552468	3545931929
592106219	1311496438	3156231446	2260817471
716526426	3547658672	4255580743	3542878823
3067968165	290375151	1892789623	2631811460
3361211331	3628947439	2629804678	1064644827
1751175119	769750378	3964324664	2398344458
3051330234	1955135307	565381249	479786509
1960755764	3017285514	667157387	4282399539
1243017402	763278639	642729850	3740371257
3423131556	1418057842	1858546749	2426250217
2020225737	1858998934	3734773210	3003070973
3553566839	286481439	1912034396	39242826
1540473409	1820766944	1858055169	177935517
3708699955	439444569	3044630304	228374358
4155636719	2129898900	861426367	2394699624
3992421697	2701895362	1214485702	828733912
2709302238	1085314298	1181427244	1228300622
2765545882	2768746000	1301838109	4187839524
915235467	321149138	118043029	3900673389
3090379805	4074115684	2571876315	3371847925
1514655940	3144236186	1296199685	3191921756
2820604137	1482224863	3106231505	902925097
2198009167	1293190997	3237765188	3220791655
3149202929	2527509949	2898572099	2767909032
2620780918	2400075141	3145130650	2775879436
2209024597	1573154604	3919601815	4126043602
978290127	3096034227	1833003828	1918504082
3250186394	1324013203	2266174050	1907800324
2846209961	3647363262	1205554223	727989486
2712349347	2355960455	2561620542	1830988700
2609085732	3134894784	1229039975	3691128556
4127712186	4169337546	1278416845	489381207
2819773503	3371046837	3879206514	2522338250
1734792067	3074938941	1427995433	3926811302
255388287	3076000367	3521181817	3016076781
2798498969	191615125	4275305709	2430650227
2172477949	1341741466	3130702140	524147884
2246511649	445569937	1440959258	946856999
1961625016	3173363345	1424536756	1618637778
1960443611	619483411	901350477	3123347743
4019788858	1997238812	208009544	1412554856
4124230030	1232693671	3798844274	2916027802
2675466081	3338722365	3416133659	3232666398
711281263	1168229824	666811742	3903086894
3834214810	2632602307	3615870074	641047024
1825653834	2069579574	4096377561	418601550
935999921	1977106202	2631582360	1815828265
982376253	3287816656	468264996	2252925021
4224214878	2314424778	4002160574	2145574331
3092624122	3294961536	2391308736	3311718529
1907537273	1894113143	594074629	1022047859
3494383540	2973881885	3811695972	2456848410
1373579038	1234408407	319713257	4120151296
2139558181	276381944	1331185138	3112305490
1909484998	2701836511	1370271995	3080924022
3556107551	2115062500	3872539200	3246480893
2305960421	3749414398	2687175316	2722431238
2692817809	3661918959	4066984893	1471455311
1970108494	3828395356	3886909662	1207137359
3333414692	927432757	507229836	1185340191
3184269405	2977274639	212187639	3273142581
3327175412	12256348	1543502703	600844784
2256397514	3998047834	2426511496	136850402
901870216	3351188228	3238330069	3064025702
953560699	2479663337	4176693488	2560759548
2201244756	1051658567	2542532439	3433618278
1114244501	1294621195	1194313922	1821945529
454059715	494619699	477056087	3708532574
1361750542	3821947016	2172637878	1452124896
2418432364	2083665581	3772259504	4205790863
1865613020	2537297273	2561597005	3475564132
3969566741	2523457105	1583865023	1492802456
573428202	3414900580	1848833517	2203236471
710599749	540388669	3377492132	2173378719
1846497809	2169205507	2316188907	2722466181
597985858	3854441422	2442951129	2652755111
1135609958	3744694759	927435151	1255031778
1574461966	2711557025	4222460963	2397270917
2286644421	1728177833	1177895136	2466981693
4183100197	1274835466	2612534835	1665446889
3759983003	4084614219	77481924	2310421154
1992868635	427679744	3616824924	1466606189
3617052523	326018827	4292987008	1107703698
244745103	3484636707	546846377	378594522
3759381041	2674898374	1257743124	4037530426
1590547745	3406460328	2615462677	1847275404
2095943145	1665781386	1593163698	2827719885
3521298258	3064382246	1865148470	2263896894
3800345625	1920656664	638548786	1718928046
3553063628	2063704727	1272988875	518340836
4284296477	1620966367	1189129319	2417216487
3838846131	2365258504	3777435214	3534143020
1399973072	2562581487	2328129586	77228253
3622165568	348128429	3262747847	3045540998
2007162540	3513726535	418769640	975743702
245292869	861602098	1853727321	348335864
1952858157	353049104	4229062015	68630668
4045834117	1514357605	3135136497	4129543958
381802872	440891024	3645412784	2836049955
2244804330	521349014	4225230014	2088961042
265336857	1143961820	3276770426	4225763671
3470970021	2241813260	4115873264	2445850289
201209755	2714429885	1029810869	753529503
2729006333	3907499978	3983582007	3310477780
2108201364	2923341684	814308959	2355196498
217276169	2477134302	3176955933	3952447638
3702915298	2658112801	1496984095	688231820
2948536869	2755456880	2330383783	3408195483
2035336178	3303143207	648742608	2492622226
1723665102	570324080	3475463121	1677303890
358375397	273799830	1748862983	881112562
10572428	2748982533	2214321663	1586335789
49774196	639177413	402510154	387562666
360346608	784446200	28704472	428595841
1473625730	3726735235	456493261	2610676898
2501712065	4169595497	434497904	3860181286
3749701519	3655790622	1649097219	988371764
3394471409	2967168455	2503976608	2947850817
1803237142	34253115	3619165240	2453031556
461460064	1056363313	2515225119	2881597820
2892397045	3453819897	3996083885	3537399612
2718678194	819995117	3232405861	3065277099
1874208967	499141596	3587134508	1983041565
926886041	729605574	1966259916	3669542437
1896881677	2835148075	3646544566	2151497552
707090359	322074605	1546511622	2211896349
1736072359	846271692	3828465219	1868235086
3601817236	3220491505	1565648757	3651781163
4164240973	2539532255	73007381	1966914244
4282745179	3979375211	2857348896	3804919718
2200930690	3264927833	1549920061	3071151494
3949627927	54715690	1313274763	1333955947
1151448319	4285033926	3418938229	322098636
3612914514	3639531251	688661868	1743487389
2229336412	1823862840	2409607420	4276414535
1979057956	4272921393	1718072431	2822943225
3573175192	1234868567	2761284920	3589358637
300273831	3183149948	3425409516	4186755084
2150615253	2802497635	1232689369	2661148718
3440282176	2973138503	2276450576	3054503758
1983557969	2960583512	345173620	1902374990
236441542	3261919767	3865927126	3610892550
4210356823	2304639047	4088333272	2562275931
4222466744	437858388	3206467295	97971140
2781043599	2436446049	2951547898	1193892918
423552714	1659886641	3261926259	518037926
1494500601	122220794	1625526313	3467661530
1758013542	2535365135	749404623	1908228797
3924350285	4075094119	1700891505	3145344599
2810269292	1518169747	219927988	3871233607
2649712642	3371245495	2398372649	90965988
3733847633	3714397791	3285117428	2475835499
2773924079	120684549	1717576105	2238886332
3325980209	1710984550	2227058916	1052592443
543174756	2091041584	1697410045	138896483
1146490105	3354781047	983476534	2005006596
1642839915	2499445201	2930221169	4092129389
3845226756	3828348377	3760537690	3789030155
762258781	3263763036	4278000218	1463662541
3907903367	1651452897	793540852	4288082048
2819765505	1667601024	1377980850	460542829
2630801622	2667629616	3120912710	1297577371
1228808141	2905204728	3640573396	2329271932
785613989	1197334504	234409250	1171628178
3605437003	176574522	728615079	558096196
1054738424	4171428579	2817526073	1720252469
2250372944	673141718	1643067102	1946618458
3384247621	1429239388	3107548252	1650809534
2319594669	3248553753	88435201	181219273
2774703298	907121660	3874142466	2934853554
3024279599	341591783	468236917	1606032119
2870475464	1628632509	2837966257	3643847200
2061238428	4226972918	465243171	1998427890
3299068544	2228454984	379052049	3682104934
2356537543	2558024675	4237743937	2519737523
1598384809	1893190170	2513806667	703853413
865664007	254245738	1988080003	1232870438
3954837355	716492933	3730834136	2791375824
1310568744	1470630575	2852731352	2776570821
246848524	1523601931	2438468994	3214821336
463304069	878092023	3046652501	3715117256
2389576179	3730368649	1605588935	2663829251
1005466717	2870834270	2256783161	2483813541
984610068	2719308131	2347265375	3879783002
706259373	3962110906	3552104516	1071616288
1911241515	3155674769	559758554	3441177785
4149266707	177846371	3551715084	236209020
1792970976	71190396	2516593624	172126005
1316456057	3963974040	1382080520	3462355130
3198904102	3494862623	1046072612	180967606
2783744540	1870246809	1751248435	2616072834
601590289	3548977379	4273221139	3338756880
450123228	1881927511	2401315262	625501796
544340005	64587124	2934167696	1304067378
247902080	1365321743	3740862553	712699026
4102542860	1354035425	231848688	3626585243
1269556280	4129418692	3611021652	1370931231
1716367816	1835718940	632279407	172225113
501420068	3975089141	2670062753	2128138710
1383933466	2097080509	1246936768	1352778007
2991627435	4173267383	2980855255	3178867961
1017304495	1303981987	3982654070	1897955845
1815347308	432180555	680409665	1907442416
4037898852	4026912229	1157185621	4168071634
1214722158	2764603769	248781067	653133314
2995809403	88783123	3825819648	1349586832
638800889	234919840	3737885134	752500737
645059091	3142108200	1034012715	3160202336
1841769890	2213078756	1212528994	1417426166
2254233951	2217510572	924407078	1515372887
2008000207	3761382968	3761385887	1075671888
3989730449	162859706	3891367376	3072894800
3838056824	3323879835	2814803774	2298338419
1885135775	2892318184	3676498297	4042115800
4272957811	1460164665	3432059634	604495638
309433022	2158236237	2594760172	4265167918
104243168	2483323604	2277582003	3580222260
1652565679	3597030480	3135983438	3052843142
2017703614	127630053	1795609488	2129865738
2351908402	2686320374	1954873385	3105428580
1501388696	4195914071	1742448277	3300914737
3981305475	927877065	2806350313	1212133972
164518264	1981067024	2738715723	691553396
504552897	3442522279	397891495	48409261
3027131472	3592915045	4102179338	1351625563
601948134	119550953	2433621128	2380596317
2730685251	3778938189	3885927225	3348488757
3102203615	2517470766	4200824843	2743096177
3760731566	4286732663	3900005152	1771486782
2188471155	3235329311	588401536	462355567
1779639980	3380035513	1561845485	458136595
694613168	866787409	462839317	288653330
2163199294	1040148105	2847942555	4006547830
1281096158	759542282	492798863	3517498609
1619318270	284887973	1632026643	909508536
3474676088	2700963700	3694026311	1819052243
2765183359	3614657075	3561064311	2306325616
2779463915	3055479911	1151999383	3783015618
3759330722	440099264	1313061459	3450708693
439147010	1970034964	1534691806	691018305
317537517	1937276301	749921272	2828098649
1943664134	3073150454	1020608405	3031059374
3787867523	2379769288	2297809136	129371267
3445733015	827111168	445858962	707356356
207190994	3681045282	2273818568	2854086957
2795814351	2453452195	2455449844	1537362050
4111301276	962048646	2421302042	597392799
2744368474	2933802946	901514850	3678394319
19837644	3451883757	3766926802	706289594
3573026749	848206858	2484375227	2457187296
870993066	3163314893	2891330200	1994909634
2950100304	1962641039	3492295631	2879591181
2150576557	253060471	4073200807	480765038
3483892056	993998889	3170899270	4226042119
3208133971	649677529	656557452	2109959816
2170338971	1635061986	2694593764	1181954856
28023268	3236829998	3975060215	3474635267
2356852232	4139963518	2141362595	941045425
3841197391	2852190115	388702460	3222902611
2377451824	1504312520	3629343933	3391756099
3619365187	741675507	1852176637	3754947816
4197498401	481315416	1632836466	18469660
648929405	2842067107	548986751	3972727594
675596107	1785335982	2774443981	499983145
900150883	125598216	2249881762	304882855
3743200392	3381870565	987693486	127295583
2789660304	3987991001	914520343	3847032631
3370933442	26532538	3351897637	787106550
570128977	1537593577	1234489511	598552938
3462820464	3374035142	3787186770	1143473223
3981333381	989288853	2004420775	3237927653
308671375	238907929	2165465450	2885678617
3854073620	1882785875	2079391720	3041073470
1288933517	2825200896	1128244024	740979920
1312282304	2064083361	1354420283	1265007563
797906958	1709135146	1887313995	2350697758
2905548826	2178989796	1315267229	1105720368
1520780637	4000993910	367152802	2218092892
1950749715	3215234591	4054115206	3969443686
2882627234	426366096	3666100735	3909914877
2373447188	2047687840	2857311128	568603356
3403355201	4061555562	2233240656	614481652
3404556396	609369704	3306673758	3394815221
2561767921	1088527357	2400715968	3872980824
1670719512	974270753	185415795	1036731934
2098943223	973080132	239476102	4144560019
4249941301	586836597	4116930021	1872694201
3482629322	3299157222	826828607	1890053603
2167839013	726096897	1334476642	252986205
3702532805	240104800	1618286720	414320734
202921151	2463290525	2351153505	3865781291
614812730	3367451024	213858908	2916249323
2849195608	4267988671	901545184	333406345
1133574119	2437014906	1890246981	2070505632
209337211	3674760786	863574400	4163611028
2908872135	1400957433	381450718	1495579535
3935167491	1127441491	2843414058	3237341146
2421409154	2126956574	1599664434	1376670359
516922574	450305252	1451479103	3035677241
3459889083	2291997706	2570880755	1137225312
1057451987	35719278	3540861631	1161204517
2671967	1013090392	1012704253	1323834641
2923500498	990852445	3284799689	204016506
535172078	33074688	2813534501	738686161
1455747986	3501313198	1174500053	2134604794
1853533847	265294819	93436636	154297179
2671105256	2900804689	2390649110	3482514852
3968101049	761846292	1220808056	1668972829
375064669	2537699551	3524389531	3239992409
2775457514	2682879298	2018927800	1687747865
560289370	2476368985	3663725060	1789971343
4009403431	1879694423	1351540042	2076440296
1958516167	202866365	3237706665	3853288587
1316476505	4088103120	1058892272	1992670183
1726588481	107655396	2094733564	402703011
3706837418	344370733	1434213616	2300286229
3028727911	4032730581	2554429030	2651375932
1225486076	326306874	1100576905	3850105936
2725339271	764623466	1180072803	1578366406
503863777	2987130228	1525675560	3199383664
3479384393	756214238	1010233950	277778300
2452131055	3876503564	243162670	3356300822
1736023053	2873738218	3561523703	4195948156
2946928183	2257718152	177970000	2267707197
1983361819	821789375	4293425201	1507959486
3273511007	2049300685	1155684831	3965015840
1421456742	1550235519	2354366957	1620520549
2792188537	3390570560	3030693591	4225285076
3606763433	2974010393	1220112839	3505420734
3220782509	3202415278	2058007612	2596506128
44806747	1545978044	1687908976	3579309022
646328480	2078040393	4128538300	3837016374
3752887882	2803379531	1760318310	2619784029
1901550006	3605170943	3103445811	2506166552
4000132783	311704560	186203830	3731401975
519623629	4020327931	4159229717	264075223
1922129587	1217407676	869569626	2883813029
2982098063	1191951135	791728321	689300728
3079526509	3294658603	3975409950	4217448204
3809984396	3634512978	3446204690	3150451267
3677845945	2312059961	446080272	2780072472
1008887204	2606449301	3368580335	2055551291
3777232306	944592299	1248631254	4148277681
4021218212	3650431146	1812344614	1120344136
2076145089	2799253188	1051593214	3642480856
2071721687	3448119453	157910210	518631880
371518997	4030812109	3464527626	3137351360
4000506193	3621688988	3385761984	3103858971
1613778474	3416388025	3777907357	2561198869
281433549	1134137648	2065835246	3367523497
3924343311	27205556	700680016	2453003683
3493692753	230159978	4216962631	2093875182
3064144472	2982817819	1472420811	2681207535
2685171143	2841332552	3741123307	1489055823
3310293110	1061809363	3218979421	1169757983
4037719349	3843221822	1986835753	1817795694
2239069108	2285634262	4263164327	56327695
297413772	262886380	779509057	4001299869
4247160412	3540307171	3701529319	2133962618
3509369876	604972157	2200152229	2226326203
1740870074	2364063565	915770512	3365135540
1798655579	1031448530	1606092342	2728486998
3539765126	581208279	2650976468	111324335
3424305661	1530915627	3328530992	4032475162
3772164627	1533735581	1528547215	577003562
1244458439	2318094065	3389380258	2288810236
1290732479	978527233	2172994160	3605528709
2788673328	2470180652	3778266471	1523913688
3244434024	3830057856	3066223970	1589038055
1751900015	4146577438	4837939	3139946250
3578928747	1953434842	3382275577	1612072528
1013548252	1870206752	2498374712	2806668371
3284660172	1576777018	1222540593	3780074906
492300306	2460139994	139380055	1564646851
449930822	2414030882	2291441488	2505891634
459841447	2288575311	3160461632	1565319718
632994083	1596182608	581997043	3465212417
3873999744	2614347928	1856201581	3593899470
4066177103	3094336333	1031443714	1006455943
714447941	3529579580	172889363	3165349358
1602297143	3768759743	2811966438	2897692239
137616130	4250600278	1314946977	2899804604
183529415	3163308127	1929261298	3666009202
615033174	4101237318	1881040595	1828352911
2899552525	3075262942	2947229404	2235913902
1600986760	19380774	2163653119	3949929637
479279953	2180613531	3706022850	3010102688
308190950	2084123707	2565116707	3718704009
2655512766	85597890	2161139756	3716422659
937261331	1086811720	2300788770	2028442436
3211686888	464441228	937136769	623795454
407060350	3613345407	888818603	967673212
321369650	3939413340	2190659698	3461645085
406837777	2651361300	4102245652	2510537922
2541157543	1822491286	1225325770	3311550117
1848220115	2840233742	2678717571	1428331482
1637286237	1014348239	615194312	2302905272
192223081	1906600804	4263768943	3076546077
1224373803	1160491212	4203516196	540667408
1104792383	1220230799	121446313	2483300651
3706548066	682974899	643984688	708587558
1562728666	369830086	4179907925	1475851506
2605338617	3588274148	2187355536	2813998738
3305402648	460113819	764831552	3653827304
2394226637	2694100794	2421440126	2226258911
4185283566	1943343573	2435658155	3025061096
1119048667	2040383745	1476647772	3808301443
1949925040	1401820263	419148575	440636561
4243207149	2824934721	165075729	233671873
1012098955	1049812396	1804710040	2341325111
3162295894	3990189816	213390325	3987737532
2400549197	1658241544	234646443	2847814865
893175978	543150822	647445696	1695984517
131436904	3653991803	1928827861	584915561
964306790	1771097432	937002795	1087298551
3661193807	2197394366	1702811326	342333554
531295739	1569363658	2607646471	2754046219
2049801018	3396380737	2216780391	1973140778
182342	306603231	4204436591	3214642974
2465991314	1084323865	4016371928	3854353327
3663995061	1757250508	2681427268	400955395
737946333	4048447883	3013041476	2823101096
2733084562	1820492788	3977103326	190185187
819502624	3327651197	4114301360	3672661789
3266572669	1831838265	1992500954	1777262192
90269558	2467774711	69333220	4203244255
1564712028	4053391011	1010539077	3309458620
788757465	2707358510	1688534773	1272341802
816829666	1163273560	3229477112	3745158618
1964975278	3061518372	99201394	1273777275
4092763199	220408370	204756023	3030867345
2358603111	334924311	4197689337	2402942542
111052232	3474110846	189896244	4036209853
2977822117	227881011	2207310873	3767279094
3640763519	3828710290	2183626064	2805173775
3900910246	2010878424	3630684970	921849367
529732440	3584148489	1335211753	3025687222
3423106813	1770864246	652883176	1031762253
3611338582	2069187785	2554032398	2346092956
2653196259	3035878293	734549346	1649937541
1323919873	2886078658	608148834	2850313192
760245879	4043430267	1538989567	46037674
1651142546	3589711226	2420851246	261272706
3879456599	3971733874	2947035431	761891914
2394911106	2769116849	2762495298	390144394
183388675	3604320402	3024324096	1086085268
3334849561	1730262262	3470464301	1373572856
850739916	3212046327	2509222568	165816656
334614577	2130215754	88747016	202075818
3034811824	1650964789	621463060	4252876917
3461090894	2514929546	654011734	3902794987
1765786906	1483807340	2383270165	1291869584
2190942268	3243851112	1689311603	1350673273
50443508	112897425	2018573424	1913548556
4174466851	550184107	931134775	1072734741
248608590	1304633388	2111979040	3122619464
1349762402	1164161256	4279365277	3414911158
3910955824	2655446065	4056639660	2220890156
3741374207	1581751100	1078751895	2340265100
1325386959	997048229	1386750989	2021723998
1368205304	1604183100	720012296	3610971935
1500369351	885313884	1756321090	190604812
3365108546	365643207	194658016	1899889892
1169839088	926601449	2055280642	976641351
2468382410	615612263	2238570193	179544579
2222584058	2608662826	3967950933	2405201261
3606319873	3011943995	3883893902	299101101
322948450	4210974575	2001450023	994658242
517370575	1673905018	2085204834	3597343752
3355268008	2817797056	1197836833	814485020
4048180060	2272055167	2536165079	1436935977
317090148	3582207195	2405393548	1902581819
2954483094	649177533	2358096182	3556369263
2593288034	2100726235	2166444131	3548566744
2186893288	1289038042	3710978452	3998432187
2739895585	1337436641	3955468947	2164776906
2577391446	863647658	908676640	2145616340
4215379558	113626991	2268399465	1197079449
633724450	1773705093	1341034462	2654667548
621012170	2311859857	1622807659	1250698054
3324048992	1482309451	534754047	3447077272
4272460246	694005138	4079207899	706063171
1361626898	1799520253	1522264292	452391791
4243431650	1417114267	2031438705	3427459293
4051924703	3512394663	1517355727	55943215
3276787997	2387105831	1098736664	3117240861
3318954421	421309890	2112934078	1977766483
2980637170	1722942285	1896174359	2572482449
3149628252	3067090831	263499905	4030868487
722110457	3807123116	2657583259	3293721980
1109234328	394074815	1746497047	1379546566
3136823473	1433377028	4068521783	2232751433
4280358594	1353410853	613906034	3491912482
3521527312	208633351	3994987504	2249729613
2396683675	2969038625	1955993568	3451321344
55308226	4259555218	3982890964	672390621
1482779569	712682004	3352911203	1281035981
3873261530	3970357777	901398111	1650019350
810487306	3827797406	1512733202	812048354
476674318	200317852	1688757937	2127942836
1748997853	155517968	3766249813	1896708478
1614164849	3303450859	2108139698	2914522865
2505843291	583757490	701245248	2444549877
2049521316	3158254840	2575464344	1442041149
1547164571	1582139403	3077857756	1589296789
3283016040	1347795867	3490489344	2686164092
677632505	1493456896	2564820450	2318839250
357629545	3793460012	199071419	1483752271
2131011435	1669949552	714462870	2103561579
1795350652	3657816681	3069240324	2057374391
708298555	291107904	1564867255	3920434881
3259767325	2769104614	1305366840	264816953
3731787962	894059790	3574036508	2512667544
296050125	1925054344	1137300524	1072006939
1338985261	518208210	280909715	1642578569
1748707681	1951326950	598230580	3443856967
1146763865	2187704569	3640663324	1654416227
2336168393	2828171183	2184522388	2249587670
1540169338	2754960629	2599530597	4096165256
2252248147	2680105585	4280701816	3835035410
1944405062	2816935295	2562155158	2992900796
1974218133	1801336354	2473181931	2410156842
2439526170	3833112619	611862310	1991050066
94224285	3791275752	2131116540	1936301231
179858872	1349779630	2944765201	1957160006
2735163908	1814593494	845299947	4130408182
1845762900	4121754906	969349259	680356014
2543130328	1923589167	1851150192	3989349335
2651962320	1033743890	3960050085	2758675739
1763791951	568791494	764574033	1186933832
4023962806	3351692337	1188704051	1198846291
3722673341	2844170877	2646683079	2812068711
3983789882	295730992	1700540203	98996836
2399287052	3180678219	3486121726	140597112
1025205903	2647780888	2319735027	4224417869
1071799961	1169927823	1840625039	1669162991
2029995786	2128756861	2081295821	1840783357
1474990565	229083825	2806417958	1442768243
149228584	3081279854	3922783993	4242934347
2944504715	3948013038	681134266	2230832838
3441875313	2285402689	2346495757	1369433231
2557469056	977029181	4211704157	503551276
3943548241	1413257438	1816004479	3393752304
2376932926	3051334344	168759457	474172137
765732804	2034147350	2141298742	707187946
480479021	2958938353	1122628630	1979813020
4117226001	709424788	359727919	3957837119
3991641968	2131720601	3631552667	601232291
712003842	3075619	1107136423	2725138849
877115957	1867753591	3147066110	3588390050
2322105209	2080790980	1697868371	1986413670
2724771774	2204354468	2893459054	3345499547
1295503397	179479029	593504018	731968284
2285536432	120658057	221383082	2251196290
809140300	158983240	3690459908	198290380
1679769287	560388127	2704599478	3016315446
4036012373	1242793492	161032802	343610675
1577446440	1562446347	813620194	462195162
76106145	807005789	1820638326	1318722519
1211165829	4262929120	2423419117	550472997
135235645	3793636518	2895841729	3586213532
4153236470	4217914586	466965721	3886130636
3948206238	1009274768	3514215834	1627156367
2148285941	3342939552	355422057	995205214
1500623892	3281923523	891252886	685349954
2083603202	2333328044	2098141210	1758113336
2781751521	1619248501	1621963031	1364162970
3903917822	2749526733	1576613669	3059403245
1140480952	1085463235	2518108424	2101664985
3562313165	2300087865	988831088	2930985045
2680083825	2512395243	799637165	1750277414
1118716677	3799336405	2733140445	1392496175
3643297076	1685483596	2985950784	2249055564
378561390	1338659369	35352156	3679291565
2353671184	1173427028	4162581554	3524799894
2764591511	3219939484	3284129999	117758712
1363855903	510608956	2826564112	3953268045
2690763181	2381701826	1725024494	3980731117
3051345967	3635899216	1617884069	692012523
4065055459	44711477	1324327882	242498803
425081993	2199691808	3967861779	1153092549
3424940665	1971592314	1555088077	3850566301
602163232	1456979576	1200491442	2322166404
651109488	469181695	3150479807	1061421414
3623640018	558638987	2040770365	2670002664
2424254874	950697542	2297114595	1657066233
2725603296	1332807067	4225922495	1219263318
2485883154	3159056383	1940645739	1340274606
4019033927	1541209312	445858353	3403485536
4158480576	3565858648	3094078397	3329020588
2402175638	3330538552	3499528280	3789179903
4188068920	1969952577	4138074945	910141358
15105780	2634464081	3475294224	1391654721
1441279892	3145203916	1512287333	2605027349
401191808	2272127099	2329110282	3656328342
200733651	3852678578	2503107900	2374781497
2100778282	1073910298	1385449946	294882627
3134449348	2848484276	3870520339	3684593199
4286912124	3214549927	4172966216	197460971
1623908927	4191532460	4266272072	1098304604
163496586	53124209	2077756894	661199690
3616658881	2488934488	797638523	977347745
1470993470	2806093361	4072636131	3652528616
3050383741	123716283	792566356	862983980
1490697924	1065424239	2849250815	1950243542
934514053	2993604174	465526765	1591819298
2431846076	1521661457	673409500	1040885590
2025086432	56490752	3165751146	3211186937
3123541255	4158609513	2221843390	1090008800
3683374889	3127716828	30422606	2812247694
1521448764	4292318536	909896521	3287373339
3339211226	3174157719	795046069	157798806
1544452820	1544801446	3283632285	3260545044
576812608	839522017	2289536460	1797901856
429355138	2731236461	3715669420	1225450156
3093559438	2950262339	310795596	2186751158
872248583	2517458784	1555920228	3710436267
1497124125	3075212776	1638230446	2144996275
3544614691	2166369657	691348209	122736858
416517486	2335950949	3128651614	1714674364
1047852085	2265141415	4241556641	2393774977
2099364875	3727516668	1976873445	2652197827
3276893242	3011071848	1355104076	1692159316
1716637443	1937390660	1848820435	2175225210
1665246859	1228955816	2611466004	3773243703
1422980272	3533508177	1172167396	3424926639
121288245	2326448514	901767120	3306589566
500027861	11893009	3922120126	655520143
4173881929	2052015653	2134133427	3733881054
1136673793	3053224068	2540618143	3392657933
1183691730	633467802	1729704258	247588446
2342240067	4188969332	385543368	60762340
1012944169	359737657	3432714521	1789355698
1142483863	968041481	2381830584	2917733757
2330792154	116727439	2894842150	2558345330
1981752228	824023610	1176974055	2318474133
2844963478	366663580	2050108471	4067784204
2921267347	19876315	2935846006	3057328029
3054601978	89019796	1014138456	440339580
4124308804	4060475816	2293793820	4278305944
904196764	4043856737	2643881910	1572552596
636212082	282579967	1883265780	239390850
1918209979	3673949124	959024468	917190006
2604070937	1331111530	1342446069	4035995921
2369968280	3508623071	4043867501	4181960469
3711141880	3828775941	1760703964	926187345
3948064206	3241261942	3236389288	1227496069
1164509019	3264089392	3332496243	4026458351
1682559574	964133973	3033797053	3643501996
2526044943	1698704138	3321100595	2843886254
3724698525	670085616	966262753	2369484816
3175344237	1204149286	3281565497	2259146539
684211874	383144601	2198207808	2316959063
3402797849	2702638893	3649930100	3071935603
3022217959	326660110	2717407122	642382159
1102383551	3976832958	3015808629	944211433
1389021172	2505969822	3687224634	564414950
1057932185	3533126898	3254901757	865611831
3829454150	2422587667	1924064813	1340321354
2504802455	2139822271	3836428177	774293693
3277057729	843296900	2982837778	2543103352
502005557	723424438	1207207348	3992598055
1903875903	1469486142	3394702966	2400395063
722180378	3040172402	2290320415	3750520211
3106198145	3700206795	624572630	614430452
3668852777	148420260	3636191663	2188143412
437986401	493945358	923028429	4040277159
1904823415	1417994326	3267874240	3223308846
1289512561	3312947831	848257878	3549312557
1058654354	207720226	1622555911	3489957670
2672373627	3884964741	1092597585	1489935645
2632198356	139673213	506717450	2559485856
4158274320	1952547274	654095976	3231530012
3945639042	3366721054	4134727105	3007300767
1010044664	150024544	1093525539	2811064298
611755535	3696478487	1283601273	2706414896
334920488	2665085876	33301789	3353801045
3848587534	4220532772	1345128360	3654490038
1049231824	2626494182	3946321518	1607077745
1539772914	358240123	2808851489	1021767462
980189454	2858971116	311869106	441973865
2134715214	909091526	3307348163	886083069
2446328829	2484890115	3869572438	4208067919
3456073371	1662046967	1983915029	126416005
715191143	291939378	1176817708	1515957246
794249609	565658724	334220378	1650277837
1121555946	1083759770	3155615164	2486308010
1304314743	4189720675	4241542442	2758056635
1150003686	1466166092	3880828339	314218525
289141012	3491766905	3810334666	2160079870
1433305304	2509636515	427375845	1491099975
3910200849	4152509859	1152043134	3981957178
3607288635	577043955	2939726489	4101489890
3540918189	1656492925	44611185	3492696551
2051250247	2123800634	3366725237	1048622991
1394384164	2201324581	1607646086	1895229442
3483020104	543296748	3001924882	4165993365
1898941505	759217331	4201470002	2103185274
2042757217	1072845140	2402429100	1316948520
1808274889	3095504719	775766252	922486777
1866868624	1622750687	1899071052	1239501372
1530730578	3285904834	1419524208	3970563904
2203268117	1681738945	1253889413	3664302541
1715249310	3433238101	4246725243	3346933966
965793761	3336277235	661703435	73681285
1422908711	526600272	37667180	3996227567
2629520225	3660981432	3165959618	6492725
1407568096	1042931242	2232846241	3813774694
2216282975	1584131381	979211246	117589454
2662356390	2930185688	337449388	1653944633
1445965546	4125462396	763422961	2853266267
2959420665	1186352746	465458599	546191431
2175787683	3020902669	3060467555	2041083576
2924565872	2715897821	3655177979	4256648250
4176931796	3426280994	3963654963	3286377136
1615771834	1506292333	2169121280	2478783926
1949939717	92392122	1929628405	1653835602
4264521159	984493806	1670514291	1762649743
640298410	3679636275	3305551531	610423073
3517938609	1893675296	3394698160	3438904144
2128387575	1081671480	3830217994	1752213811
2929781074	369425038	3219421970	4108341537
4075626452	1582881784	59901945	1794800374
4125552703	2287975574	2862567640	650073818
2466716660	1564099123	3862226391	1129062079
740737865	2723912092	3420144731	2760514358
1081982660	3404926454	2688825752	1293787159
2769565105	2127567733	4281437898	1526406619
2064881961	432963036	4122810587	215749467
1050249722	4072455509	2172659860	3669284435
3800293638	4140275958	444528024	2665283012
276602261	1532087425	3743200332	1345570982
3176353792	1669684336	3989235987	3271950783
2318547369	498140301	4109897092	532243668
1113150378	665398084	3266383957	1376854071
2207394496	4293526884	2501506346	1990828988
2938479107	717344066	3900784406	2823096649
1114721757	993871376	518274172	540646842
1572072754	1640011021	1766039907	4032470888
1167274301	1552939769	25579781	161546040
632427250	3872952339	2673720599	3419597441
789017663	2345195433	800265765	2966511566
833677502	3380211980	772042621	2400130049
4071579202	326905481	2966478377	4142355142
2714758894	1271469202	2671371599	2264709478
1083627004	3449646302	1495658449	674883884
2766016922	1839688940	2677703585	2870294672
1637074307	3547916089	45918411	2307545236
1912860070	4154415172	372254895	1226494753
2998886921	648509436	2554205921	3950957459
3391957793	3120610515	4122053136	4098773664
2333956414	1971192724	239495147	2065534942
1222956018	1734972546	77812577	1842854869
63987412	4053627266	825245292	3144538070
2997706835	3527480441	2785228681	1581643935
111274213	2090863589	2022360716	344136398
3173721157	2671263345	3380012435	1959027681
2829724184	1895643616	3597196835	3664694342
2753691790	554950035	319464533	745112946
4179570	617308776	1267251135	2699566408
2443179838	1451803129	3122150765	1375613389
814938072	2375827918	2649342760	578208112
4251655182	2551640709	3963354528	2791732858
3918542804	720818371	2561893151	2273410197
81092124	3049057924	828570551	2530555929
4206175855	3602778656	582374282	2934952246
1924917278	2179622758	1708165817	2711294168
1670495743	1588574212	2840516862	3390866221
4250702656	2756064345	4235524811	4217312528
3461203989	1692817401	1675483357	3603035926
2334369502	3728477288	29322738	3810546646
3917881244	536155119	63136212	1661505256
1865128027	3310338979	1937311858	2117070431
1096402454	845856054	3865236788	425569657
3308382161	3895261205	4283153017	2992386585
588636979	871426925	1215682666	670119015
387943261	3314799043	1573537702	1371686117
3044382517	3114871827	3937882624	2020899032
495470970	2268898966	915144772	4151963654
309823479	2745744522	3823964496	3382037500
2816148596	2901899714	2536061183	1115553286
2519195908	3009132125	3014868553	187737491
3632400604	4270216843	2989379440	3165099612
1472404090	844346353	4267699136	586082303
2166964939	3282672608	1207456121	2747934859
864878955	443061145	4123706596	4166516277
1384811222	2871894214	2297952552	3029473202
2025089624	3170108237	1098190465	3252528392
3781581955	2480823009	4060639875	2778172989
4206243765	2421941467	2557279792	2139525722
1449752536	4287571580	19238566	1685221392
2016237172	3860480396	3020425156	3390118724
3830173886	3664593386	582865728	1044640959
1410687351	1591437194	2534918202	2052498674
3692900167	3167751257	3009154564	1877374930
2602305610	2234512461	155996209	1165291358
3777899258	3626837410	781355282	2382897994
3841796337	1566782899	3856327290	841167961
328506962	3554969697	2258716176	239411890
3554982235	893139086	2311807147	2950237496
1812746885	2636057664	2833022853	3076226467
3272480962	1509507147	187112690	1019823499
1794918785	916134488	2419887259	771036730
1461120742	950767835	1015867332	2287502167
579246	792269979	1009535452	3841539463
3891617156	3523880527	3121783940	676274624
251154330	1172745576	180271602	3127168733
2719749575	3141410410	1652019591	3379808869
581693561	932571695	4013310049	753735086
4002758226	948453422	1207282066	2093169059
3459406850	4241437669	3327840434	921869970
3700474451	2652689238	3766341031	3893760208
2951032609	91592461	1438527176	3126205618
1420700890	2942102204	3726644698	167915744
523493238	3721847340	154414963	1357218302
4254531344	3124231611	4287658825	2607588237
1367595331	1024616184	1444805750	1777255276
2841074010	1012040335	3692728863	2804877877
249322082	2116620464	4069740940	3119706858
1457300070	2458316940	2711883479	323883437
326259177	1154138728	1055337789	151881931
2987814754	1919967055	687242781	3494911406
2492054084	2483569186	4059910149	2581870898
1599090413	3491799296	1356791716	3941860874
2813147142	1571344445	1069576411	3630364677
1416363699	3985653143	4260902167	1248236041
3695060224	114251203	3870909546	448886421
626751845	645999605	96973503	151525422
4027941561	3377616865	4139940266	1145411464
2043633993	2353719041	380796059	275514886
4071217128	2585845314	2820571455	266957049
3600279924	618409803	2286734267	2251703702
1266347164	4057574274	3319697786	4081627355
710280179	2864676083	1022503947	2925772493
1238207604	1024741858	378438560	594531677
3266948946	1634555531	2943970562	3474180587
2396736532	3137949660	555667523	2985953456
2414671812	2728890642	2215185129	1919108202
43972719	1842442564	3776821445	3044570796
224863089	729301329	1115193355	547826651
3652681099	149940232	766981864	427005617
1827726671	2986801432	3535789750	1804796282
1732931211	748662440	2019554789	4171883348
3420139852	2331462034	3200416181	487535438
779459023	3616670462	1507272004	2178659109
3459271142	1767245640	3457725678	3100510215
1586529932	3689157384	239589940	3313942144
1163633045	770856184	2822780736	1943521923
3037188191	2945052237	811052953	1549481904
2068213105	371170103	3189356156	3254375594
4228183499	1973412348	2303516604	1290411907
2116597441	1789215483	642079102	14801270
929580746	1771783317	1695243582	720383806
3246462762	645394120	29240227	2895511083
4176770117	3750681076	3963225611	1503761767
2599368548	2675015651	502325612	2970677614
3266794268	3004461340	3623271817	1521821533
3829812577	1336413109	2834844180	2296642258
1295815524	2731454371	127214647	1114464631
3997676217	3763182054	2494351749	1086788109
1764243533	2882600053	3078514408	381110003
2945738848	4140500612	2741013366	2061342585
3297992956	749538909	2254114840	2624127431
2508282152	2785744906	565709877	174696727
3883425524	3076796611	1000856483	2419393300
4189592188	2445432796	4287916740	102193861
2172059752	295011184	988580798	1058662014
4038506862	1099177268	1480391460	1685213312
890149105	3972546370	1237438548	1801552746
2160278989	2787667777	3927020336	2001286474
3232887366	1775447641	3872119021	2662442906
3386934028	2577296554	3714275185	2595167404
2296653343	3830919949	34687304	196423063
3990101209	1967403144	90545340	3326901969
1816762053	2436234375	3143001503	153154879
3915038917	2557374591	2012591972	3887314093
67631098	4240268789	3754185797	534626734
4185349796	2449729262	3325843094	790236659
4230204120	3217835710	2708430031	3799756115
382958902	948930881	4024827275	2218548757
770885357	1614422600	3446036753	1911565509
2827077107	1153976766	2409594183	2620190198
1609701331	3390802987	924769209	4031592472
1396024740	2996885087	2344438197	2550857845
1285362982	294705470	3680450636	1059751930
3873512545	3189913672	3061512914	732817190
340652302	1369893735	2499864358	1897068607
3345711996	3694569626	1836403910	2646770821
3130064490	1964087992	2394153595	2595160271
3508993901	17831231	2626961892	81621551
414938354	2515293018	4264353269	895638649
2132208259	342356098	3812317658	325677717
664596069	2242067527	142026767	53674857
3085846792	3567244586	3127449360	1652636745
729211074	3778993759	1770573593	1659822772
1389434300	3508949434	2104615876	4157638911
1874835946	3434548432	2386817509	1727323536
2327224518	4248974260	3790675710	3360785098
3516116931	314453337	330758758	2489408729
166900141	2378843241	1090038229	115544569
4016912438	2684401304	2465089048	1309087310
1516490095	2133406957	328315189	2757452742
4060447541	1546078309	3269860075	1765945975
3069860830	1910095442	1831221219	233779800
2519203222	161815194	2588937490	2885616192
3991169892	2785947820	4147918692	3395525327
2541896617	4283608891	1310116958	2361956844
3968453625	1771485175	1989486025	51664407
2174176224	1243013651	3702076366	2788873074
815748935	3266547024	522373820	3860164998
2352974190	1053775802	93144627	1574805546
441101887	4194357486	1168124612	2307800149
3829034695	2075461904	769261397	1554690771
2745238751	3039331806	1895132920	3485346339
523397942	145307284	4048278068	3123389939
3536846538	2744090174	1772936145	3380679691
3054136145	4092719102	2175179191	2007941016
3757035869	356707949	3647212528	3688886393
1100783030	3815335900	1961987911	693402331
3896731658	3790774653	3963607083	789462232
2155604839	889140136	1495197263	964490355
1328040134	1334792175	2219485466	379489134
320271471	2361719015	1950494244	858315100
3921520949	330480847	3936223774	779011378
3128260185	736871021	2006035779	3801876746
870759250	2436824774	957817129	3619319321
3695834082	1735532852	1216800640	3973052317
757701106	2859863251	705513408	1222738558
3155675678	2529604609	1105894624	121207108
40923668	3340557069	417965194	1527840162
1323091109	3855418615	870391449	1735602197
102772218	2528581659	814158000	2393560791
1188632566	2423147236	4039414761	285480869
303259411	2104410163	2231369696	1263928815
959640664	3310159861	3818574460	1966681395
3658216337	4113284859	1843513360	1447484459
117518912	2218054425	3498929407	637746937
3436791996	506746816	43686225	3082121083
4149737640	1582224396	359988663	3130376339
467964360	1057473224	3254458622	3680329169
2780377543	645278478	1728799578	1179002356
3325857900	2324890418	2625455414	677610343
2026512131	2427731711	1392960897	4181663004
2044157246	2813348457	3903325809	4147969096
2928421486	3027544450	762068848	3172361366
3230210801	1213517592	3218053975	1106718654
115275314	3448443749	4158593542	1988052940
1392859135	4163071051	795626606	2003117578
227508164	4094703176	50144693	3885040121
651083674	928552171	2550173503	3591392299
1050678098	3360298080	2445302488	1347408949
3001767617	4017810408	812994747	1033835202
2320502597	1745903557	1487802493	3389965788
3699559650	1093546885	794259313	254672975
2020899199	3624384367	2344381715	1395181443
1749247690	759438646	1141891945	798515630
459245432	920519665	1005291106	1250385694
1188702165	2683860958	1160973980	3008892733
3927607630	3130226773	2958122396	3298688525
1904828731	3233338630	2598983445	3539136518
2519825595	2207288138	1264226516	3317738629
3715529564	2182526310	1878201886	2525345902
2465114848	2431808883	3273428006	5821325
1183314812	3501493161	4129028505	1494637914
910965688	310502211	958793109	1972693458
3322741481	514302851	3125322122	2636235254
954469749	2858153854	3307645300	658503
1768902774	945846337	2394743125	3367820813
3856627790	1056900760	77403327	3444462537
4161581353	2517086256	4172185686	3144547683
591871014	2896057408	3254492845	152564770
2487955840	3868381571	653235078	2529613177
3959319289	1929510662	1856217307	1057084927
257904973	2868252805	904195666	967203060
4145364087	1762362114	2886434932	124511605
1857654197	1692690525	171813390	2653366516
522361829	656156628	438228031	2174717103
2544097988	1875146623	1150616620	4193958103
1675936323	3880258614	1631374949	666914771
248076568	1675663145	3034462834	2734546703
1492652372	1375210381	2877183804	2466960434
3020863693	3483166744	488102085	2975032202
699616741	422025541	2908195011	2217127390
2824615455	370147040	2300618	1468714028
2560994965	376329737	1024674928	1715946365
886808145	3087770375	3436157828	3564270116
500326448	912616651	4019065994	4141548185
1570205331	324887806	1939689476	2533031163
3512220184	3753606586	2329775803	1208747220
1145518476	3915620779	784784498	71438700
3584155931	2027218452	3328668920	69797672
1810495873	45243536	2852767236	719950541
593350601	2659034547	1579968928	1272696431
532296082	2777876178	2055428250	1234597634
1025055458	784602308	4213922478	3193778845
504735627	742498375	3575113720	1591009037
3778463047	3918524904	3639859885	3116190305
3042075988	1614374872	856480541	4173541085
1796521470	1632275280	690643812	237228769
2039367556	3889375971	932190319	2697667861
1175685922	2829137858	798461149	2383103441
3879903326	438177120	1312821582	2841986479
1911547431	3245044326	471539708	3246722688
473068203	809797038	101602611	3203130860
2949091885	1766828348	2294822415	3407185766
1006168767	2295502307	160650887	3863269231
2966471578	1264735668	2238563031	425677778
1016483633	3082068136	489930559	965270040
3172957923	222700786	3133482750	2053933967
3381532797	3762537746	122169510	1295688670
2017666952	3458325406	554810000	4114576181
3962214428	3434877107	1696398453	1813796216
4043031949	1805889562	3028463275	3952926609
1885836860	4189123828	878616496	1949521737
3479215873	3770690408	3361575980	2301693837
1388817775	3283342895	3307459211	148456656
3562293057	1952569594	3931100625	397918955
2915594053	1751438508	1903879539	2490936372
1328189617	3845628823	1497284837	2374837028
3986773917	3593572083	265752662	3213270779
2811545132	2410990128	1200539976	64335186
3193220268	2888632703	2730806373	629290572
413530435	2309162843	3172443737	3767747369
2303456305	1930441696	3191115552	456857998
4130357114	3698038822	1044515875	3426075051
2555114577	2146781004	515413798	1512231634
1643279617	697540905	3186455093	492741282
717545825	3587070150	217401224	3831315051
2320971153	3763617620	1795101796	315889520
1596561796	3788319430	1822485465	4067194071
4029115361	1219805067	1594829920	119257612
988115119	3315098915	1997523766	2172886513
1959914088	819333025	2538081648	2405419835
1181048164	296670680	2938303193	2733246108
1121978595	1649200515	3910986891	3427976402
1261746793	2765266656	767465007	1366895936
108476226	2483303376	1324285355	2805875999
356302454	3374792875	2114520654	3203898622
4108995449	2946011252	341844068	609477040
3367544929	587823507	588455787	1189475955
1375325704	2350043024	1244506069	1534914244
3674617538	1921155925	935934737	3490504925
4117866342	2540815849	3561930539	610684160
2480443292	217880105	2682242643	2329815845
2787724228	2210650859	3922608801	1334398136
2205659171	1005819440	2857688341	2162826215
507515141	4270586739	2977205311	2682832953
3506544816	184952727	3226639420	2292754337
699863895	2888385761	1939194796	473793463
832196845	3692485152	613684829	2783394149
762648995	2166925657	222054856	990439899
2639351603	698775699	210413323	849502495
313594915	1126214469	2749869776	846686395
1588335854	1664277133	3947708757	3692025622
2248911630	1050572549	3302963542	2385698196
1486432236	2038483624	3799269346	499618564
443835683	1416663451	2801070551	1430714911
4063023607	2461904100	2289493503	515173452
4157433344	1482943386	2097947872	3512523809
1143827603	3016190734	3123480801	745073867
1956692906	1371456000	136532536	3047511252
1544240132	2306179913	2952983367	2958597184
492674110	2751858571	2978619479	118014797
105025750	3521487126	2717355430	3373569143
4070047937	3185619372	773244673	4242784341
3766398076	2083005161	4054732809	3635013913
2409338051	1778203725	101163597	2574937435
2185758696	3099423769	1918763928	2443127180
135068803	3483843454	974524188	3690880503
3770154315	3262819717	909386637	3700181056
3952160846	339055958	3435720393	1976888693
2474011689	935218708	444488644	2555578041
2202364728	595132346	2986840613	2698287404
2236281639	3942729180	1282509776	1190204661
357304857	421524615	990322446	121713487
3533004241	3354785223	1915468651	1976714917
3158853325	1036567035	1774948359	1401108476
1996466377	716166195	1874712274	1147827955
510739803	2855133082	3713065114	717125924
2627969459	487247927	2074839028	2833669818
1816768457	4000354428	124320532	3217103141
3338491156	4131387294	263358178	2178094592
2828174463	2478652470	2795050017	1553821677
4088570943	2592235417	1949018185	2354062854
1559569575	2235468814	2158642901	2336320160
982164462	3569190455	3152004462	1449169995
1422484426	88406127	2424602579	1751133812
3229465646	935334767	3390587723	1955939214
1005344629	1587198636	1940916671	1867873012
3031886339	3942167352	3598870802	3017090116
181256249	1463227035	1350014773	1704372642
765198325	2442602264	2039742401	3908045263
2612241711	393104113	1128501717	3226955149
2838298049	2385322087	2840188164	3411091524
316689831	3167500691	1947400962	4139241405
2101178607	1172181322	187465572	129052057
3377157504	1970428455	672774705	3404704107
1902525921	4017093885	3500210853	2425878435
2783542260	119776890	1082639305	2560328436
675582426	1139585016	3654471098	2929863815
1376096635	3312471382	2634837410	458530441
1004164096	1122457486	2923712349	781737667
2746471075	569371382	1814110310	1649208452
2797015361	3717286051	2892833201	3583866247
2073301612	848691367	184146863	2397840906
1847494417	1278546653	4157562803	340601233
3916439282	497105191	3727244623	2355060673
1969313781	2164003174	4255240309	3179382740
175420784	3178302135	2748955608	3741246853
755213808	1949503916	1286977734	2397255479
616010966	2894410954	3180936093	2318001239
1885905907	298792439	3969032384	3435922081
3212806975	3473915649	2651971697	3926903833
3999091664	3066788633	841140453	1061275177
1240696362	3599485068	3031541274	1460211451
1545532164	1897812863	1980808166	2803625821
1542716180	3550877513	1536548818	1706608165
3679969897	3635713016	1871220605	2466332065
162145996	1104734722	619672318	432609279
190433787	3325385068	1520186454	4242891594
1268128740	1866822232	3239966383	3259453225
3191572435	3962676036	2866937496	1390634615
2727200895	1248164103	1686023718	1686536956
1723830425	3927303631	1907053798	3080513942
3356836835	456885088	3093241798	3255205860
1176156293	951775765	367888744	3942265395
3611455309	1335402207	4251957976	4290672142
2239123802	4271312254	150397323	398658928
2387362625	3463576428	3592273292	2570924443
4016202928	858333594	777390282	651897579
17469889	530888156	2443934415	4129447386
3344947567	3187709941	2621629043	1918712137
2823670805	2424996333	1467211223	2241381353
607169471	4265139700	1278900862	3101492682
1365853088	844391670	3124528553	2056726969
2251079130	3820033631	1561308464	2589629608
3919588157	2245036544	1093649761	3577541267
2410792133	3103005135	310756696	3522452916
2191418375	2502066446	1171944262	3995464884
731746519	3350268979	1298951499	729793389
629820734	1599248051	4238945264	1442451203
3866387642	2657604889	1872931822	1100390633
1457281104	1507288301	1332869288	2445878883
3554249309	1830002992	2573803549	652283033
3797257014	547984003	3738338458	3947309307
399042197	1625484726	3909049285	1883867529
1168208518	2739413996	3726994428	3165672557
3616046106	1544128676	3491260132	3267252203
1126630736	1783219783	4252435629	1885061420
513343557	3353090737	3727994663	4262863391
3081260721	2684026175	1071207698	1038639900
1052331254	3704820340	2657150735	199199587
1137643470	1203426633	3643263573	1597162364
4124840038	3131185117	2830033680	1669307500
3005720902	3294361516	2482938956	1100883027
1398192506	3542533286	332908151	3535906089
1414504086	1693636028	3505164432	375746115
2215302443	3266401908	4266264564	3182315330
3155633291	3523328640	1379621540	2141308908
2892835504	1682897451	2536662377	1755631839
2948492066	1020478259	1805432052	1205853911
1707752291	2925098046	943657970	1112512829
1091156544	557099908	477019347	417825216
889270398	3189834723	4125161400	62125363
1039956660	3708229972	2719471128	3043415606
3178710218	3408635975	331657322	3993296642
3263690901	2780911257	2573901780	3263072088
3141593942	3006205355	4068109372	1358692049
455705001	2959894698	272200981	273777196
2903860827	4020699787	777026738	727256527
387835774	3998715437	28344639	1617902964
1612619860	4263390063	3833458452	2889574442
4066331729	651413742	1408018737	3615583015
2189097761	4154279004	2292598363	603196345
1831518644	1776520868	852056878	2571504904
1496298623	1703816388	3320664106	1428987000
4016647289	1087808933	1911928668	2723603736
2381150915	1734307318	2119171257	950914458
1511994451	451059644	3252795206	1143911098
2721044897	4291454735	2179886359	3431722171
2367151790	3798414402	3880772087	795438440
4161295586	983676132	2978775635	2204979807
2288525431	3285435778	372401335	1951845393
243939309	4084772078	3983509292	1691228009
2200970457	966954092	1169966636	2796421430
2672157747	2874917123	1709725697	84474491
1384534223	1592515536	3453118408	279493824
3784525356	2241502806	64423034	323027465
2850013101	2251241479	4277175595	2043301341
3550481837	357088939	1120079688	4274429897
1429988844	348118482	2957172303	1062328306
808996582	2678607097	1255348224	635849440
2196076867	2675971105	258732125	1539045626
841308886	3506725689	2131686021	3708706216
1208836208	2562183844	2068831909	1151649638
778475917	1351185317	2565187706	319042838
1258717057	1798415978	3944167617	2188124647
1775931722	271912436	243359668	883772786
3290676991	585938542	1035886893	555146437
3882930164	3992792053	951259367	1101094721
3084735730	2808799954	1985488444	3833365604
1219907300	1757942659	680678666	3861565435
4263348762	16345151	918958557	1794280722
3135713530	3555862774	3337478823	3720936611
2187365676	192731483	3716282557	2204206191
1895154937	532629560	2327095509	56374849
3784930398	2623054246	103453894	39923395
2531610570	2097222857	4079867556	1565168499
1394615474	1052897914	763024618	3338421948
3234038890	2317040942	2567350373	2674269435
2869103064	2452014000	1467201031	3881443320
3881886197	2794725822	4096105520	3945651335
1374077579	3619591714	640187982	3132124406
2297936441	4078185060	2988639367	6093926
3142611095	3743782139	2466549845	804383061
2245256132	3092257108	3614372045	1638123233
319979170	2097520351	1284074863	2803165628
2431745336	1874102970	1902834370	789538557
2565885921	1699153892	1029037142	3796433144
873512875	4050584934	2035196445	35809310
3922465327	3239796790	1221888004	3637076045
1973014961	3199255029	2183036935	3144097156
3093002247	1470818681	3272689982	4206281146
748721830	2165361132	3391443567	1757190198
1167149089	3597648727	3181426633	335560784
417305365	2077417488	3528729305	2111419627
757444012	175918354	798445853	4237077737
243713493	1926094771	442270833	3154033797
313157070	1992472204	4058274	3719860070
2677490512	3769745546	3392551362	3525042703
4290864474	161598320	2263177687	719175630
2572576991	452643972	1368297441	3272796743
2295384561	2885499739	2172323976	4023500613
10917177	562854454	2792191081	1123318767
871108531	956695586	3671909870	3187400791
3260607994	3618646792	4007976805	1794181453
2525705097	2256172673	1491980081	1191880927
2008942908	3389774830	3342443295	3786350918
3381213914	2007330782	3599645125	2246038605
79711247	2067974187	512676954	2405642292
3459577906	2231072798	3750121430	3176101423
988184071	1404433682	2958683129	2041771322
2776847875	2352473230	3047169151	677148388
423290446	1809839026	1587648405	4253993996
3786119857	7896781	3456239875	1130235444
2818205646	151590525	3871066696	1909923986
1974985328	2261312975	587806082	264660137
2044295062	1869244279	3944265079	2168085927
1395934611	3473125554	2112328994	3038678371
3003380432	2448989385	862975373	1691160298
748147409	2464165184	1264319276	4077913126
2428070092	3252192355	3838873957	2635961706
380448178	3655641646	1785225731	460452181
2577209178	4275096356	1136538769	2084907308
1047595155	3344693270	3621454979	333645924
2775374338	1728337412	3870971528	2531950485
1243505202	573733813	3515743264	4174321189
1622597362	1057954886	1288847908	3352410549
1331310396	2935438475	909417932	1866585881
4171101055	3527505788	2815125976	3497211034
1530664531	4204499366	86151091	1408200804
3542246275	1667802539	2103488478	3021118116
1586900365	2315588190	217553254	3265509030
4285330555	1681300405	1239568672	142763506
2750797586	415865554	891175792	1569151929
3902521229	1136131052	2061755856	1140262546
3410437719	3903059649	1058682533	3474787212
1284794549	850680772	3203429385	2609484177
3835885574	1260004678	4229113343	1069592621
4277856352	2600507089	1166048679	1217138380
2735062310	1653233856	282620579	1453508685
3586098795	2831103207	2236302199	231134348
3907045359	1322475629	1286141627	2042683480
579806958	3129065134	3735049129	1413237746
1280065205	1453309984	4256683011	3247855959
1586088268	2665558004	832291719	2734893632
3065178598	1727573933	3050743133	3641603389
3653136099	3181852902	871125380	1762222722
822566938	3854324935	342329634	869472732
1446032236	365691932	1709277987	4110250126
1179104236	2700682533	2116003127	2256640631
1576776312	2181654219	1496549756	2180102012
3460978839	1647391370	3645099898	323654161
4006460879	2102730691	1766725919	1606789661
2455595819	2992243362	2248955854	4233205947
2795527911	1015863512	3673744334	2586782593
818037128	352657438	22262556	3433519469
3746824931	1467324171	4068617997	2844817751
4052756712	1340733658	1938806974	1469322104
2334712898	2388683981	2583898890	4029391906
2600322106	1532056377	2155285460	246047853
2479791790	922223704	1534757774	2211084261
3563549507	1471646211	3126421012	3037994464
3426885575	784297808	669670400	3026296810
255673714	284913973	1325083623	4107110004
2386640658	2173169206	446942522	1887391144
3294908307	2261077896	801643217	2410550338
1274196628	1602060497	2916986334	2175200680
2445683261	1266553243	3648017222	2458139167
1395649632	3163982875	1883013672	1167032357
219236624	1581128135	4063924980	1314304538
1412118215	1928674283	1203111661	4226232117
418544585	3174756856	3539227927	980081993
3666447803	3683340900	296770610	75081616
3276985821	3407410217	4167906302	3115645505
3284886348	3014605981	3040399916	2588658845
4219079418	1111660867	1941507509	1932997640
3544879453	2850773784	842095904	3752072978
1464070361	2155929366	4009030857	4200480112
2236740243	2554608311	2150597089	549800633
3424844667	1996058735	2736315042	232447667
3545010591	91004665	3700294626	2790469516
3679045335	3592374217	3776495552	715807478
4260886515	1738585383	3823971027	2270662880
878685244	123605973	1676104214	1558557145
3397018845	3108986802	3081506082	1786378403
3630562255	1062779254	2555862624	3886225033
452999339	2161649128	1019191513	292458926
832218184	265541685	3328287558	82712431
3997614007	1821442494	1500190576	850062180
536178965	4134577841	99908615	2309890844
1756478388	2113319854	3068628283	894248801
1485578396	2029252420	176646121	236035754
564383923	3788545834	3026413266	666776050
1553228213	3499668180	1150162589	1134502766
4024001693	653537493	398029889	3080067077
937258406	301049093	3675959375	4265646553
3291988004	420010602	485902311	1245862351
2129081457	201039606	4186393802	1850589619
2811088021	233366538	1953344662	2011979300
2607800964	3375808931	3270691696	2063395836
1751686460	1439653678	1941558512	2547243367
3274971000	770600760	2794429943	22221820
904424974	2476009231	1351259759	2446871293
1193950923	3548546513	4245961096	1507986915
1022106672	2059158661	2723124686	2829728989
1010496599	225690186	4114422771	2699946102
1290021095	1998116230	3177701570	2480039335
590457891	1988970158	2660240648	2028881029
1626593823	3315040717	2865833432	1627025961
1188117439	447707510	1533189548	1234201112
1405229658	668817641	1632395593	201443064
2934994744	3692186195	1099855970	1999790711
1965245398	2657366711	1768492823	307549897
3109308965	574860131	1548896000	4166637357
2760853084	3445588190	271905839	1151501780
130446493	3891975407	302586357	2922807625
1786150566	2180264812	2013929365	952230031
1983476623	490782592	3588085651	211027967
3753096804	2338530745	1616540676	860561379
1995613731	1982611524	3621767267	445992794
3946431053	3414404152	1905253269	2588906438
3444133043	1441608331	3064326626	334793675
1669967391	1123955564	3571977702	154479066
4169644575	759964353	485317706	2791234971
571013928	1343392111	217996420	5224561
1807592172	83812592	741179169	2975317678
1499567322	1693300309	4068183646	2407055247
536896482	2918721693	1160262135	1190945612
3649193860	4232239319	1072614965	3634185107
1456651906	3937901899	2945249728	73246495
1574147282	3482279968	1222125320	1390611008
2409961700	3180819209	3298593994	1647140060
1877449408	1229186037	3648662729	3991880819
2646377428	1031213087	1058279733	36658031
1832011407	1538188081	166241145	1042177952
4208266624	3743185653	1569323450	2497526000
2062318389	4286514747	2078568617	421955886
2216031047	1183829336	2032412265	1541777996
3881743009	1186899714	1221716155	2556058508
3013631782	1256881636	3051224416	1819334454
2454447786	769311844	681878239	696411052
2220935900	2117595232	2283183886	1080916892
2989076602	2463385452	2288814324	1504267571
2646590974	348885450	1374023866	867803947
3854172899	2555763998	1282586320	447988908
2713839658	2807768311	2309291322	2922577961
2958957617	1694803336	3646946818	3624041014
766476934	3357302594	3506971613	3827316555
1172350512	1381108131	2007195681	822905552
3725890192	4048993355	3697247872	1952150417
4148824643	3147945964	650359751	3465777351
732750414	75563806	1555962078	1955027049
2425296057	4219282756	2415296347	311086795
662837414	3195745529	509726049	737639344
2454357906	2366737750	2021528213	1896103721
3861621818	2973597209	633351601	4097796341
2705848057	3156621844	1017577137	3024342773
862521926	3370686024	300976421	3803467228
3087873140	1954377736	3009766004	1733414509
128850305	2511863155	2377251900	2760461557
890851758	3472001790	1475540266	3997377179
3300351326	1357256147	855527272	3662528611
941725333	2700102478	2702105324	98088073
4280063211	1968188224	46807169	4002998728
756064063	928098388	3050425209	13840865
2245353900	3491017222	844905527	135131711
2683131529	3270405115	4197685014	3759434373
511196780	2814450011	1648254234	2829679739
2442215430	3912247638	192022469	115599001
2947894566	2575975329	3571793546	3037830067
4024526023	649456127	184636454	3133680523
494315985	1550480276	3276985843	2789088799
700637793	1496365262	2131411328	2665971681
1991121549	1950475812	700689255	1372305620
2314256467	4253854112	3733622198	961627324
4200406030	1757364754	3215508681	3928029810
2374413398	912759888	1094591924	3731819276
2467939014	1089649908	3684324492	334173626
781898799	769643858	1141432688	2205546075
2953875587	1642971391	451829425	2981895278
3338014745	2891130406	1967425075	181936853
3880695232	2712882990	202542791	2457858543
1980551351	2178786474	3274941391	1512905501
1018487037	554522370	571588752	1534797336
3502500972	3107581645	1417892048	733553344
859398159	148973648	362085639	2707650323
752784252	3445555984	647541739	2541961840
3390358184	487900079	1502833320	4241882532
3747353650	1262970944	3725076134	3207267560
2203147809	1377119657	2043739294	2457005345
4293554370	2428020696	584315550	3104987171
3169370275	2599054205	3674450968	3756729383
3368800393	2686104524	563360802	3816677129
1235207369	3257350588	2370684705	546836467
2267122900	3443559967	287342806	4092851302
3935346152	2462982219	1024471233	3227078716
2237064361	1723057755	3223418559	219520377
3257481806	851388023	2398439485	424967168
693198602	3884245032	478002365	2152789525
374982805	4029604757	176302966	1366580550
2071515321	3650672267	2854865555	2640110559
3863785875	3251846269	3226088025	2728935226
2475144465	4239126104	2985358596	1289171633
4060135156	2276732959	2771230224	1264045602
3454525616	3684028034	1873159845	791737836
1458445358	557372161	3706238873	1362685113
2080054386	3644971891	2463047122	2323247618
2725804692	3277171351	3853627535	3991076420
2346205837	4125561957	1469049651	2397220841
799009178	1487607650	753495334	1188047031
3739201399	186869379	1778304219	2951895765
2201137067	3887418034	3507219584	2433831872
2517886750	366104356	1132484044	1138065004
2377053460	1189953376	4263495400	856638304
264811711	4030597070	3544121986	3534416138
835733277	1004389443	4005640035	2018046887
4174092818	602639204	2387126071	2964538974
2445137242	3448096781	1375898490	2841968597
3174612383	182782827	3802129980	771771939
361940299	3613652708	1614421305	1289584379
3697234193	3552578017	496325875	32005895
2696979782	1907878337	312404357	1073592750
395992541	2331499329	3766379455	3262530921
3535231283	3855079694	3242881175	3529328584
1453330336	4098259755	502328657	2115420284
2163696106	889085114	2491871725	469612038
2314034186	1743828171	3644327153	2896242264
2613676280	433832145	2885137817	2835129145
3970746061	1819041333	433864193	2028376622
641485937	4250895713	3602059556	933769861
3566936060	3439187528	3154993758	600470449
2929993259	364312476	3614732109	903477595
3260434890	2356169251	2391252522	2069482043
3047145962	3365307117	18309450	4132787227
2872233704	2833309552	2886078662	3369522337
1128693080	901611339	3476693334	2054798963
973329021	2006367351	2912649534	2722939060
1436026957	17179788	2892697498	71836396
1351724123	1358729085	58792102	3575217424
844772851	533846558	2928288835	4084850685
467519314	1393639866	3375411838	1029600412
3633750619	824568152	1516341442	3653369446
3667359260	2119677024	4219352492	1027330955
3581214196	577745457	3113876761	1410045520
1071724185	308025238	3337521546	2671261346
2736267931	3999540866	4235208227	2705013135
59496436	2385183279	2662729914	135923966
2933580736	3093471477	720361865	3354801734
1930660586	4263250071	116754586	1551638056
3322483105	1948453611	554333005	2990257583
526174591	1906741735	1124954041	3482032170
1486202508	4053647717	15432499	2673436219
3239477939	601662124	580186585	2996203374
409926242	734599651	758727162	1845232954
354075682	2457073965	4117927669	252245060
1321807511	4042886508	2350095231	1536534280
2415928956	2506603662	1298659320	1485823982
2525105577	3322146780	3350883897	3780262089
1733705414	2762941039	2551974262	1523374577
1080707675	2515140046	3372733795	2877714652
714673972	2929334349	1860697290	3334131802
2035943003	1487292175	3777356401	3874047667
3273911708	1994317343	841716456	3935101255
2934219738	2219048980	2837214371	4221537695
1625015467	1494378449	2122966685	4066267222
3660301313	2943257017	1860705488	352174872
751691916	672860441	1584341852	3531951627
2793407142	1402736793	2941804119	2002281292
3318163010	2276986153	578674674	93008800
265872099	2207554397	95992551	422434893
325796500	1011556719	4287255060	732707780
1887708392	94641168	1003510985	1344143733
1622370357	2926255229	1110595430	1216941606
225150966	3345813774	231336638	975813051
1366115037	2064260294	72674014	3346241081
1088161150	3172809254	1322800063	2947234746
1569688574	1068374376	4224869169	2495395616
2826411953	2082942493	2280954022	2468332752
3884310708	1767124477	1505888882	610471193
1838241140	1731835926	3781822270	3129591044
592892448	2210161347	3046104834	4291358415
2025419245	1720767807	2246179567	3987195717
395958497	3933923494	3322591961	221454757
212015270	3180532655	119019319	2136272940
3275125642	4138732984	4248203414	725612288
2631702325	1996764639	1723530598	891061612
4248206985	1456479783	3099049970	4094839269
291297033	86654473	3869932970	2873685243
1227784591	2811145416	10328577	333359959
469498983	3719287223	2369059673	1618820513
255437899	4084949557	2807433289	2898841885
3653927473	1853746082	1137185490	493213568
3979894787	1662864694	740782467	2058742622
2454221107	318353441	690551269	2383020070
439827219	4228958357	362941045	815877227
1445940908	414645258	2925773892	539279924
1750504682	3800294672	3094027279	3139995112
1039888446	2299916810	53994311	338590024
2829569787	3273108130	3297737445	2184711864
514364697	3429543484	984671367	2268779426
3126457834	3857510606	2946870730	4186694208
1473553583	4187784043	2197408095	2081887416
3991243873	1537366264	3062022497	2277315188
2687195495	764930483	3390417407	2166695830
3964731354	2315320249	3900595162	1669782213
1184560105	3175631477	3419057914	3297216725
1524234648	821058224	2337714703	2065190075
560647244	170661934	2736899201	2989860862
858208520	2862849792	2770604997	2699468611
4136774339	3444592292	2135405420	3873726859
820322210	3177675670	377199092	4289952614
2338141848	889851092	1669211434	1445390993
1092319775	2329851089	4073962765	826590157
758805017	1950315140	666773005	3685691404
4218087578	2505146179	1930615356	2664100670
2617249696	3824845253	3419384019	3487119709
2282525114	2408846168	488574652	4105961261
406300721	3418251323	129611024	100140499
43715118	4064928861	760909105	1254381150
2964595774	512834619	3153838483	3239408730
2417841366	2063043928	2906843163	4233671373
3867087283	4270855734	3051830674	973352435
332115944	2269163589	4155524094	1184201692
3967256355	2742646612	4249721451	855429069
2794465915	3726105018	505795086	3387206167
1245920358	4264742695	2285740796	2513281156
1889174067	3324037182	271268888	3800699007
4253202613	1830614477	4038190030	2250621197
546933848	2182713510	1016252989	4028118549
3175285832	2629829983	1698456633	1169039806
2996947420	1792422126	3024312835	2528637469
654452721	1886305153	1575531491	2999809555
1839921947	2733450248	2102749035	932789142
2631998923	3727036112	3128310842	2810789973
3791526455	2661473469	3000419876	183094601
2423749906	495683142	877245363	4132769853
177115663	3762784717	992427837	1689518891
819608211	771273209	2518143183	2155371023
1787014763	2314327787	3541936017	42875963
317225368	2821539690	2507006029	2238564667
446487228	1098606436	3250051949	849224686
2888687535	705842424	2136867220	3151087579
2700018371	3267770830	580791903	2250627833
2636502238	2745830389	3108439799	3006662355
1001491524	3418584691	988950643	2526296630
3702700848	3146836932	2504352805	2713831919
1066851145	2552882175	3084574167	2424249380
1796978196	1317569161	2369070019	3872352221
4145435078	166555984	3739206790	4245883590
406804727	3769332728	2081234916	697447838
4166486644	2382269170	2832148511	2233584890
2527959164	3610575091	135309747	285693659
1644662677	4004076363	3488233340	2554126976
1091185794	553515920	149986966	2018905999
2250783071	2602155184	1191521145	1478589453
3125913462	3928416656	1965401771	1570052822
1393338736	1995881538	629388025	2327158904
1744740224	3978414134	154330808	3407534166
1198078770	3048751650	3385292572	1835989459
4265661184	2136239968	229075160	3154512093
491866786	3703929146	4001579680	2741810073
1192122661	1249326350	1805974036	3240733303
3129321817	3281466346	258322598	3771971735
2059036146	4180406003	4087371332	4113341744
3532291249	1569743279	2843513268	4293158221
1229917383	3740867795	2543778715	3039376272
4111744165	2237284060	1156090959	2745847169
1551168708	1148803404	4123556197	1520337704
3396388006	3553095796	360869583	1954564012
573891205	17701882	3403596762	2287169951
4172982517	1187149970	4104144711	2556962165
857424431	1422721996	3784327862	3068502535
1531708713	1335919532	3287665688	2932243570
2681845471	802055939	3482183631	808942268
3960129704	2916039648	323087644	2850489344
593083955	3896947740	1663759225	3814666951
4030355505	3905561578	2720129003	3088227350
115040465	3150929553	2168258069	3698780368
3964513158	637094776	3697501772	458885328
1589129518	2913430430	2459200289	1104471118
1785705248	2889815782	2772143428	2531829213
2720050717	831305735	2419586692	3596371637
2702340348	2351026040	1078812999	751743162
158257001	1969953712	1423433462	4194847458
2759056515	1912682179	3199031705	1642326475
3141020038	2430524524	1683244725	3721708824
3000845248	541429009	989086271	2768388125
2757121679	502525129	2759245005	3788284925
3621354309	2407603101	2258269615	3883509336
3487993092	2228650174	2856452812	2718111742
1457245254	3036522938	1793997356	2084774092
428556837	2794538305	3224689868	1105424551
2249705690	2310633086	475819392	4171788717
3237900457	4246561093	365159428	416461343
4192642714	1523639810	1575571158	1842055733
983406722	852457437	3348488478	1311835741
215210862	2335834951	3329433214	1314613592
2597672829	1588874058	3846774507	1916190074
1059179912	632590793	1651771862	3263786544
1281377092	2959192999	1235567476	993482274
3666182889	1503514777	465280686	153283686
3018424305	4095093596	3539324754	728290933
1086590046	1402931863	365047307	1458088143
1186980055	2221818489	1881192849	1079895976
516212556	4114675079	4294025960	4280532529
2387059661	830388868	1678610828	2464106350
1797321536	4212877177	1008320511	765462550
3123856049	1853052764	1132234397	91391670
2422110949	3239372337	4046263196	3661962190
2661780428	125877756	3946752972	1557442352
2319091397	1365699042	1430159792	1167805444
3450660253	1246169255	3874468216	2265634800
58229901	1592083814	331112508	3354968835
2220432401	2001096028	2445703819	2903987389
4182600763	3487562386	1311102387	2772277063
3389757172	3012592491	1317189200	130780937
3676925007	2014972673	1146560170	3715644504
17236640	1651530459	1991467055	4216065548
2119445338	1420023056	3578869353	3623111044
3458733448	570250587	1397960678	2384524380
2144698295	1222394779	1196287199	4140767251
361151400	3116570604	2211913185	3529416584
3458886377	1375516488	2376000776	1038923720
572847790	1017945911	641129934	464482966
3101433409	1468219961	2986472065	1906885918
586647351	1250931257	4201172521	3289704546
3367334340	1484354739	2930973485	225745357
2857990779	309923774	867640547	4141133850
2829985781	297631559	3282003993	1837593970
2072615638	2012052076	1049053199	487235357
2350103726	3953642492	2419935927	1536391816
366893814	2898672434	226970930	1993953965
522775868	2346062958	3464658329	1722358128
1167082977	869790406	3254307559	675696981
417455470	705179013	2973021885	1980002225
32831826	1131436972	1150308713	2941610132
3768543034	3880649954	1549707499	4208409700
54568556	3867794075	3614234402	3501791996
1285841282	110353858	1239489055	1123592257
3902075034	2522846462	1964170958	168776815
1721129950	755950454	807902665	3822183293
2471149271	1516522695	2439758178	3844060721
920031049	3919436616	1363447407	3153757618
1664779996	1483387796	4248507341	3739792113
2063948358	3951029026	3300296846	2826777841
3733656558	3721081992	4243508782	1368086387
1728984194	3124410447	926823817	2057644019
4222912432	811926866	3166913402	1725750986
571029279	4031711859	1527622173	1177171203
1840415859	923930228	2459661207	229720565
2625250835	254559082	1724839037	1630529022
2755092062	4027083038	646264369	982313755
2421260426	1263276690	1854351030	2664699090
1381636706	2557587271	1100998393	1334501250
137805539	3100386644	2633344387	605451224
888076876	1897295667	3948783479	2026181527
932361185	3993039897	2228691418	4079768562
690564057	3305269171	133095633	3739253121
1260373099	383836798	1241194984	1182691284
3281165476	1647743077	439976158	2758101963
1872793176	1231763687	61654823	4287061526
1008999826	2359437958	496515478	1639538899
21181980	876619106	2095149475	1115747484
1310821020	1649983606	210847313	4152192180
966717837	3472634797	2892276475	3049006702
1823526741	1999728883	1338975106	2980512433
217613573	3196095410	3656015879	696293873
2986136347	2766905483	3893612469	3701718093
1712559140	1590373774	3483749789	3160101797
2099418364	1798725809	851077534	3225311851
2419733287	1520747291	3967808700	3838932375
3744609977	884956346	3524392463	265871619
518475684	3395390265	2189692197	815252201
57427514	1521452976	1226801843	1055856745
3815091007	1995234105	1970376822	977281482
2603848427	3245047091	3922692479	883354942
1766810240	1479407568	2317868090	2906295759
3157820204	48777740	1855036273	3155007195
1323418357	972239556	2586286933	4077670990
4173337809	2274619102	2804401932	2412900550
1283508981	2624139561	2881179042	3889975621
2453683109	897424112	1073743680	364282233
782449761	356378745	2331207119	4064783274
166666859	463006022	2972442012	800782562
2964252786	2157029044	1948153968	2466652465
3185172486	2307763177	1652620971	3672800725
2619562538	556174126	699955400	385982978
1600736174	4078381046	145893685	1829774107
204408061	3074906791	2651065629	3063023810
2196896762	2753961828	1785369249	2876414358
1090771638	579478759	4155440790	293057650
326239700	1751836399	705783724	3725528991
2090915173	277450989	4283844313	250520778
2192570072	3123460148	2371779701	4027876102
4019956203	1481833562	3986750635	1534809765
2670521890	2652575077	2546930013	2704067674
1681760024	2291181072	1972792709	2419285240
3110763823	2673089374	3087533997	2300578845
325994358	2299291454	2932517964	859796936
3781441240	4280160323	118784929	2249956972
2021203841	2342850466	2292082707	2047401627
1663830607	3457300717	2211436207	299793813
3395955344	3685850659	863851793	2641100682
3437085595	2984723503	3639016802	888720139
1005052275	997946221	362648540	2318883683
3677013071	3028275110	250419135	3099763256
3862778883	3863092795	717119047	2327268786
197723858	2546178754	958398288	3965837358
4119411814	1001092952	3227502423	1691521870
812309342	3042129885	290435113	2171228935
1624893934	3509735424	1753635706	3868209349
1789224609	3331006265	1689574094	165818329
931379083	2468585255	1525589765	2476839266
1827063444	1792272656	1675076152	2202385281
3285444912	2138747910	1245500082	1804289629
3947199440	1833177236	2411732227	1908118969
1213458018	1659939127	2434830933	359631039
2106273567	3735249157	1666978149	4047577342
552510206	3489270405	605285945	1156690601
3844460597	1575077544	2423743493	2179643122
3105507732	938256751	2096453833	2779864062
675712882	1905909439	2332406897	3914761296
1045435693	2514658695	24113001	1361202214
2851453247	380627757	2421192143	2702586060
3073733694	1375678238	301767610	3651168118
3052372601	1527298875	2425588590	3687899527
1229633978	1587312758	1605913467	4246452555
147500864	1574443473	1591171399	2906266799
3056911399	4243055242	1068150860	4249071320
919494805	3970511522	3970026604	3508148793
536771472	619374412	2007569272	743028667
3183473062	1601994289	2309154946	2799252583
4195961297	1803837879	3414545318	3380894000
2988385133	2055756058	2229979497	1107151423
1420593759	1857019060	2037250284	1885792209
4112802797	3791409796	3085175304	2713487954
2105222698	2358107072	3471708889	4076188796
2086383126	3533708666	517788283	1183362079
1087313959	2170739493	619854911	600967296
2904008117	3209731297	1884822260	1998060756
3148181928	795178654	211607661	66599291
614768077	670358209	3066765271	3519859391
25076488	491189543	2147980432	1481506860
2004944542	1019122974	3571455498	3986941279
926118635	2881678756	450665266	2967599588
3182304789	236075055	1928751025	3679442754
2493550865	4193308799	1103815802	2474714918
2922219014	2392158174	2341215845	752047875
4207560360	3553521137	2869797064	2912711861
378851910	2064239737	3082443969	758297867
738255230	3864580158	418545128	1389627651
2017796697	1257310811	3399782283	3103807939
1580710693	1857704716	3528438781	1498671269
2265935635	1067507760	432602166	1608799280
1020043069	2071389160	2971578255	4255636615
2516897373	3745302562	475281774	881596453
1716235665	868992365	1747459918	1027159319
2367290280	3890659569	1113986848	518662661
3584995032	1049007907	2107307398	3184760522
2060056054	2915228962	2819652588	2749419806
2656538234	1909694479	1937115382	1713071471
407941837	3522782799	1536481841	2096718239
665010157	3971321144	1780343822	3968252839
782117646	1949096288	1640158159	3583067203
1503143975	319395190	2799549328	4184030875
4152915575	2661130749	370658410	2075545025
2369236695	2111093329	1336880981	2124276776
2464905330	2122426563	638080694	727177745
1444371284	30494719	3007956576	3748108285
4079427025	868498372	3129078593	2650392052
3932423648	3992672149	2389116918	2394217543
2204489607	446851981	1607128939	1400082860
936554262	2402877517	3336379008	4165387736
40954359	2356292509	3203140548	3494041921
2603584079	424690111	588359316	580975821
1214096600	1226284365	4164648499	971998068
978000994	1949501503	2918226201	2962519997
2565970591	4064288322	2863499150	3978769672
3203738041	1712323077	191985043	1478582352
2652630681	3899349624	145381117	3042608748
703259804	3241841734	198732417	3505853443
3033377696	4009855545	2253619181	1502830672
4105045253	795885189	3096970800	3025457571
2420999986	3987412994	1859699245	573593477
200888955	3735335997	1445088178	2515356339
642916353	2776408961	2418956931	4025973048
3275764821	1420058183	628410911	704457144
762014738	4087604976	1064844548	501952746
3481921868	2776635822	3515696913	1245864958
451423188	2178993147	1329199490	3715271551
152975117	1439259386	3966698192	1014525010
2997015757	769397160	833276576	1845212303
2551575786	815554344	2254020444	3146609220
525634490	2768085521	1904790238	540797300
2616543352	3288509092	3402677861	856681257
3629210332	156514227	1290977799	1954346589
1684962480	889869697	1147344641	3335418900
1941578851	3203895889	2792501818	3257102051
4152683440	271826368	373791319	543111814
2264240800	2550472166	3347647401	3693639824
571922173	273564330	1281263663	1982039868
1994985043	2018238777	3042763563	2248875156
2638400580	2112452778	2838070839	2811504775
2610709754	1454161908	2362996510	1469485493
2225115671	3518506838	3219831807	2669618541
2392197864	4091063861	3222441716	1611549263
2747325789	3739758521	3855186637	1390508713
148766007	611909219	3691115461	581042893
115053887	4047737130	3794692676	4145196361
3882306617	3690719226	2073658623	2076986691
1601541321	2281722145	647470185	2884566145
1628522748	964356960	3890423528	3208798770
4045902073	614543419	2784207899	1781118264
4051833023	2361453302	616661256	2277419482
1790175390	1895311843	1671711025	3954348501
1519168024	624131911	322975738	1870336907
1016122812	2368578526	2234039995	1428444229
3282232313	1145651685	715066525	2255229321
794737516	1759065299	868823104	3226151526
4061707550	415493230	3571062432	4231117364
1735936357	700686628	2532830371	2746909739
2865023594	772103847	2355664754	1628129323
2328674761	2972008261	1691244344	4052824734
4047064331	849610226	2619095190	4292154319
3301772729	130461221	2011605901	4201227350
730264826	1656959989	141716527	4190922363
2008357074	1224394646	95171276	575535344
3871909165	3216187286	282823973	3857658478
3172588066	674485794	3904048941	2588622523
3203937072	2990122360	3865715002	4010757464
882995884	960014156	4071523974	4131326780
2852010539	1773833374	2506803986	1002190578
3637159237	4036382414	139472064	488642740
939762517	3951526748	2129668030	3943279488
3585935227	865995263	352413731	1587624006
1487644724	2555757942	585613928	354622467
4191786398	195237001	2762052804	3123088016
1959583573	2056541941	3333165557	272177612
180494862	3998620369	1182693446	2601669484
1456951636	4056796106	2234693091	1497651560
4282967899	3193943098	1469345278	2263292684
1283751373	2282887270	3838153083	2339269552
2046507278	1374159342	1420818812	3011191113
2529091204	3908848701	3239236506	1080894754
2547707944	73178841	1383748058	3420591059
3793392129	2018298774	3743681426	19342793
3208832879	2526301669	2527607435	784606569
799461385	562691235	1900928055	1011271821
498311929	2093409430	1530163192	912243343
602834114	2976504502	2519767832	1220908728
2711879737	128045285	3096476247	1501357169
3337579781	1201233140	2124421216	355885612
1832043871	2408899517	1701711091	3428616703
720747524	3034260878	3966242319	955884778
3251023040	1862330051	2810155712	1292942998
1707447918	1078603073	4151548539	2628036038
559397185	3811512950	4217271468	1212873170
3453327124	2555399218	3489473464	3245435178
3292894037	2762431237	2394856275	1814455040
256529781	2837264356	2685193518	2400415637
3902313719	2914566824	2283773792	2879811257
3765522350	3823466718	2175277474	4292968434
3814385947	1706461369	3142931534	1417841633
2778172673	1990043030	1499499855	2831324502
1129111689	697775563	3034235991	2090235939
954279711	1960183621	2455509471	1232372762
3500518849	14392453	2842670723	1612190342
1200773537	3607955931	4156724950	1544220618
2834310748	2126565459	1059147608	1619219175
3457633672	2888289688	62806699	513717501
2666655516	1967282092	3846361776	4231586197
1081432778	3388395788	1920296717	4032363933
4061113313	3549488930	1711077805	4266966185
3399280063	1822058081	946924873	1748715475
3189367002	1269692639	2504300222	124199618
3238795063	87896512	3288343082	2728411857
96547844	3501643761	1328684198	595129011
3959610851	3860961578	1699787781	3565828833
2329000257	3480821446	205076147	1943085009
2193168823	2168143405	3384690182	2655646721
1926142584	1706854697	2837854139	965388828
2349587701	592983145	238457574	2949253338
3526231569	1599606511	3413218332	1927002852
1230894674	871060524	502511096	984220545
1681642875	3167275394	2095584170	4195224924
1937833771	3003482778	1552590204	1901090610
3242797173	3764132762	1553476646	119041510
2875937729	2121844579	826242103	1227348135
2075341164	426424615	774802845	569196778
3789605717	2829871584	2065973411	2278724467
1699386896	1432993691	1065744646	1914133263
3860461649	1663745543	2356030460	1763869608
1407597303	1972454095	3340644215	1688119479
771618321	3446939825	3370890925	924287513
2903726999	952668289	699547750	722051569
648564351	979412846	1655822047	3267843450
2165849344	3480283009	3101135939	3310545649
1139103956	175148754	2684038715	3791050331
319654162	967618622	1436858655	1724193306
206380066	2150014889	1849618741	600510505
3532016045	2143596596	2758710387	3720988945
742905895	4209761631	2119818628	3505913348
4286913584	2295180618	1543577425	2733507389
2499773788	2888832461	1576342323	3553215988
2481427705	4163610739	1182511801	2909297885
3065716614	417700472	894584758	658605325
2456939097	2498424046	961285960	3562161054
784244731	98884394	2643396222	724478999
2626412694	3928923530	2662854226	1274794023
1719164389	1231757653	713257165	3535012126
608738624	2433854457	1640918957	76586085
861990609	1221739917	870956201	1309718243
112439148	2980768480	3275988453	2393829273
753318827	2203795902	2519469052	1149623125
2769587661	211421309	1434760307	3985982151
1613967185	3651927567	1339611409	1589462214
182008875	3576548594	1549369878	962959990
2299316039	3628921155	1595968644	3487415303
2529004577	1809779896	3026839674	2858521171
1862724718	4053235927	620413810	1874465354
3329493871	2484880244	386448977	4009505487
1508598780	273733999	1659910148	4209311457
4180214312	1902361558	1380346781	1039130585
445110846	988794003	3738003388	646695271
98279762	1684427139	1239785133	3573243226
358589172	1267378481	3016329044	492743142
643500037	2502604372	2812656538	3987132969
2386840084	378092057	4159506698	893586854
2944535123	1972236317	1778057079	2764508029
4102064278	3647507961	2946005777	1856765275
11132413	2328857269	30124148	1255343965
4031565572	1817821709	440349688	3174023856
327056778	4170005121	3914014700	810037879
3389239666	1111861977	23592040	3450024394
2225368401	3290355393	398633122	951313613
778712745	3337683438	2275440640	2249823339
127940175	2523222586	3005043737	784094974
1668913247	2902265309	4105942321	1462511221
3630615345	4294139540	2887448973	3632743505
3578829567	3490329029	2434398898	2605539925
834062804	3603279575	3348519446	1693866463
3021227277	2872697199	368248673	3724339289
1235971626	2897593216	1560949175	287024221
2372380448	3330163545	1860934257	3869338120
2632147615	936613352	2187788103	1614962050
2658913913	2957650976	2792610782	2286387239
127994649	237877138	4232733038	2933126795
1013568442	3584388439	994200605	478076965
259654497	3193241972	3795893857	2118987622
1910526196	1415136107	988046014	2479568738
1289995765	4011706781	1228387744	1897280218
3652314898	512576137	2749093524	581955189
2672703879	435978629	4003549155	3953560199
799736176	1423245611	1402094284	3221761478
1067270101	203368150	1126301199	421068357
2964463614	3592448078	2908535913	239767652
2414192759	255947825	2752091047	499612419
3476676844	1076897334	3994207744	1643543041
3501292870	2401511670	2300182799	60146436
3790953468	1005163279	272307053	1516175445
165487334	488308163	19586771	824360005
4057782883	1520843478	2481263570	569198961
3427099250	1366873842	3922443111	2119058517
1308214060	3000584115	3886125289	4065316995
659532045	2887462922	3375230363	2060163534
299997094	2512504312	3691618487	54337023
2305492304	2958811308	1035561962	2784379668
1907338048	2792826403	2029316683	323894898
3266616464	3072433972	943559510	2606116845
636242645	1886795186	4117005577	4090093977
2697438993	980035928	585566640	1144601463
3029078509	765502974	1112929912	4016699419
2566346599	3024663367	957551574	756577711
1136479800	1860385121	4186237077	1930929384
305317440	1055935888	582791712	2250075532
3656366838	3155948955	853996674	3209044437
2993607095	112735310	2547001702	3343166740
2314662797	1810497421	3858350266	595421732
717216496	1812032474	1949532386	115453786
829367408	2226367243	824386416	1588056924
4207289705	3559824075	2392625599	167757677
3541167890	1202292655	2336789250	2893801933
3118820249	1923104542	625290048	2017759435
2613971252	1918143528	3698596620	4028817273
3564486564	2793668897	1230357347	1565659094
2610583666	2980627842	3727393888	3435004800
479892308	604982703	2362134518	668221925
2309193165	1106475342	3021006823	2959509267
1137227544	3612619941	3664829918	2375164965
1453502928	4291156224	2358007027	3960973388
200381537	2130788484	2725872362	3988634015
1662376541	4171437254	3269151547	3449976702
3815749250	1559148672	688999254	3043554768
2323514685	1104517280	3318268323	3532106693
3746255092	2337929565	566238850	3570623898
2367088224	1690149387	3754604565	375538415
3251743607	908858231	3012272071	1236717364
1792439412	214002356	628180632	3886127470
2090616274	3238510301	1600857915	238322701
3239608144	3127789412	1031852480	1397746087
2888102637	1806562501	265351254	2099261867
369793970	3624836912	684330868	1899745024
2116044613	790848892	2772242301	1367547995
217945630	1441187669	1039693988	2874347352
3338227211	1453971846	2824864987	3883365120
2560254194	812090102	739074237	3379675961
270823903	1082685434	3560631568	4242134632
3186129374	3813606961	467762715	15915942
3840187478	348326615	528116453	4201753101
1070591764	2333927333	1151587922	1184363726
58732660	4184383614	3007799030	292498943
889180159	234869832	2395346392	3728280572
3529477158	3276545750	2147654280	3026479596
2031518563	3254377555	2756721664	166500900
167215600	1521932696	1353364372	749738593
4291003560	4000308829	1296464651	1962195674
3688191187	926926250	1578032061	4143225349
3423404625	1082227477	3464729853	3665335184
3214355191	2102959933	2241898358	145029918
4047601630	2863003144	3939661792	2304829787
510945463	2370905332	496788710	2736018051
2241044370	1071232421	4123658534	3539305362
3408486194	1794580396	159261932	998429061
1089135517	2322966198	3015667207	2331125173
3612148613	1284940410	127284101	4045865995
3783654003	372206481	2377271212	713906154
1380319377	2387687627	3488486859	2024504299
4167096686	1249847216	3847551194	361191194
467071674	1032166720	3014763315	3629571968
2816705715	1530458518	3155394490	598519572
2859438385	1705089071	2053129260	1176988112
1714259624	804082418	244857827	4061249529
2839048500	1931228810	1396671376	1640243482
3565368318	538503426	3069187850	1190778707
2108162860	2357296182	2681755475	3891939430
2615762954	4241736473	981936407	4195023985
1195732850	811994642	2093924616	1931592946
4021545164	432591891	3133690237	2452521784
3220895808	1022062317	1014808813	614888389
3165200701	322189674	1364829383	706109172
4262575948	3845820509	4104571415	962373405
307975575	55615950	1093312835	2329186298
923043086	1140675726	2519017548	1417381562
2251603695	2073577839	3953069348	3306288212
1142325975	343256029	136189114	2636439636
2990963369	1440597100	49700046	633835223
1374361705	4106823974	717450131	3806636836
