3759822955	2791748027	2141503636	1983052406
674752163	2747199992	2198466446	3132668800
2713399143	2003767251	293577008	4189543432
3875404067	2728762939	486398017	4082363130
3294013855	735613344	1009484006	563016258
22603357	3573877065	2392793622	4293052730
3852970064	2079743597	4046886589	3334584436
1375247752	1434762033	2923309595	1640387099
3506191276	1601212969	3350181777	2387033298
4092613676	3693568164	28829258	1610454492
2127148187	47681078	1480033790	1522016176
2807483931	1903056621	2715435568	2353935411
2585011211	3340667732	2897999957	3685381155
3419501695	20304313	2044702639	4022211582
844867499	2597225179	4061278237	1718224685
3834796107	373917199	2466427292	82385741
3022264106	170188042	3184340546	2320351136
3252816579	806265717	3638259270	451197166
1197031258	3178583352	631309070	2394994714
157592095	2198119927	1644923317	2615438936
2893529848	3018865373	2862166885	1645946116
3423618574	861404440	486726214	1426996983
4050225896	3044522784	3973065764	2818814444
2194268461	2776737798	2595381186	16592534
3538358736	2048924441	692049579	2683123078
3806191504	1450367746	3636560770	2140699566
527015861	2353440484	1759735570	3932332282
615558139	42323959	1561162566	894941759
2549395400	1635919404	3848452454	1128532527
1637926406	552812547	3129225003	3362251303
743386429	3198073903	2856227555	1315930509
1572678301	2563859278	3165580170	1615568739
355250147	207464076	885018499	151839656
2738229206	3408641771	1095436071	25737153
1427651523	3513898459	538647685	1018350500
1211271838	269612829	661977949	2831669404
1205482129	1732564021	1714408202	1075495561
2928302534	1815595268	70176792	3405968754
3689330679	334704005	2705174735	3852511378
3035688016	1169850519	1216023894	220809983
1360443321	380230072	4220553164	1190310362
368799026	776572597	2210677958	3687957538
3522678514	2415037988	2006945667	3938487699
2137947419	3892219076	2377750870	3658965468
4092956601	2361273277	1350108271	210582500
268076975	4131729225	2574250435	3340273362
4084254279	3663790573	1548703163	1952330078
3736799950	603769736	712074469	3570094486
1136786025	2623500244	4096527432	1803637570
1564148150	1231267761	4017067717	1801217471
3079926449	33264389	3268244757	4196992866
2145150141	3468566877	1327916746	2016841631
784286992	2139635728	2326309130	63537899
1634401906	2470013877	3163479890	2969336954
3647729093	1566356667	1859571346	3519308344
2094148705	2202275152	844676048	3231957821
2571446038	2594051141	2799269085	3539098162
380906195	1495436011	896303492	3239356496
3817570708	3281943499	351564050	3855236101
3230690488	1112615790	3409763383	1861951711
2252797263	1368337286	3983423001	2772652213
1075437877	854054812	3579249973	2466779585
1920672209	3695355525	174820276	1238760449
59647056	3857909306	1267509139	3290422354
895752495	3654466755	992464110	3641528335
3358819807	1458534690	1031500098	4056777787
3302017007	3588693202	2927938281	1505042564
3702630692	1711629317	3510483830	3547808542
3299143092	3439659012	1074617856	1894804638
3952549869	643456825	616358424	3644949962
1491683749	2676732531	1182170100	3907106962
2355929275	226962219	2440903783	912537497
2463901949	2473094717	381086200	3329305648
2544509531	1184488518	1308361768	933252476
171204910	962323238	3194257380	3607825689
2724833710	2155870651	2704597556	4078129326
308355240	3076662290	59907298	1483194409
3779321344	1580014064	3064797059	279475830
4086159565	57220823	1762348322	4242836607
1886414219	3366182707	3020631188	3118493892
2762085089	3408427357	3220541680	3402461535
2341220947	1456795158	3353504186	1276346597
3986847187	2193551010	681915156	3891841765
604678768	976285143	1740724790	1457903792
3740465164	2685375111	3228254220	4906541
3691656037	355552687	3032288417	2341523308
168856753	2327722980	556266457	1407304917
2824590097	683047592	3242449622	3478784613
3309442690	3815606022	3436478234	4263470224
4056229372	3953175905	1614788663	2793565026
2340742121	1126576066	1626218010	2862873584
2701384265	626551487	2156654393	1519656217
3067224241	3027729369	3461323912	103023545
3232144365	3999355599	3748874365	3157775084
592376599	1565339877	3253500894	3832400697
92677241	470366382	1614872944	2537468898
4279917784	761940050	2225915976	3670336274
3136743509	2848237867	3649690710	82623621
2511627162	4006155439	1357720308	715993966
3475338095	2251752714	3209973365	3007857641
452727625	1024287192	2898424432	2422537905
2187307120	4007490512	81023745	848180472
2453664519	2206828917	1880503809	2917407014
3594355995	1531637242	2982325941	3295480721
1973009275	2937601752	3980306142	3096995785
3316677277	2433493594	15672935	1967825876
4189907192	430032682	3461138158	2739185603
1622643156	2128534820	4009659797	777948886
2701729189	3425980320	2008538087	816830978
2548112601	72030358	168185129	2910353282
4274529434	479202561	2769139035	488118693
2863243587	3811383094	3711616578	3794054182
2513377151	322562234	4150106889	853663368
1473500433	109909006	3008253644	603294573
1283044336	1331273861	132420034	609013088
654555813	888723350	3030965264	1938314212
1123256281	1176327582	253058634	4213162836
932999223	2899328082	1054334272	761285890
530742921	1698501063	293658100	3739554281
2891529161	3583482181	575088791	47248236
4176264764	1555254957	1151154154	2964505037
981952138	2242397839	871783997	3762050652
3125708455	2041363624	2374850268	331928502
3268761019	2028394986	2668367058	2210672053
2723823235	2749210074	1908840617	1194639669
2310228380	2491141146	470737090	4271734059
3836793730	3346683945	1235300929	2943135444
3188557665	707628392	2856974034	2460432290
4284510288	2908795899	156018430	2681798039
3446668575	3017963538	3788440559	1680908167
3737718103	1509185703	515348841	2042031785
1145360591	2976828056	215399451	457127509
972694780	248842019	1809301658	2483727625
4160571774	1651272590	2398975334	2906348342
2175995669	608060888	4198935676	550297334
591663281	3508568002	2179580977	3577422756
3914321073	2023679253	2947823213	4132474981
2784725710	215891848	3328340014	2620231783
710527935	2226181646	3830628391	689842412
1362085172	2186735449	1655871483	560135214
1799468056	3971862709	2485162767	2616199557
2067619904	574144943	2508156091	2129799895
2940072578	2506769879	2298595704	1583246801
3256346005	783262354	3711089051	3732112650
1539356067	4098640759	582855580	1439457619
947493032	1378045118	4223602465	2433330928
3413966742	2667861593	964596101	1286100259
2209895385	1603878035	2449868842	98269660
3727564966	2880399982	738045808	2642875380
103592353	2400841085	3909537606	2467817309
1644182854	2053440842	1066114131	420118079
1208119786	2301558413	3259750854	963631781
1435390901	3402086978	2875895395	2481497310
2190649564	743665448	3466008467	3082089153
3365718943	2256569238	285184519	735800731
2881604543	2183487154	2474712354	161800447
2915169703	4012363497	1829876954	1717507326
4043055513	2566384725	631217809	2661632052
3544454747	1038393386	2538828238	1222723014
123619411	3986378410	1009747080	3203574589
3688959714	3366612045	2186523759	792476213
3794418777	584529949	1604568822	4088939254
2742729918	2433017457	4011160528	4031379634
3189233279	1269061496	404305520	2876420057
1163904728	86724602	2640432918	151109166
1464644698	1552348710	3982295816	3160551601
1332549100	3780309401	4149253393	281932447
1898037960	3651075116	3006498532	2689508846
3951366480	4001850011	1734347899	1390293587
1268789543	4162835843	3875291808	685398680
1609591184	3263623104	1117271911	3157073997
3604363172	1054587359	2309980191	2717005530
1944532746	186498334	3917421971	1892189078
1282028080	2100412708	2742409482	1933430111
1560186579	1218391007	1294791086	3976352844
4162318620	1798393601	2027319220	1954147823
3859199411	3077121876	2813961320	2801282990
285054966	1610772678	3264486310	2794178736
2468094415	1793265333	3073273316	3207349328
3638538269	2915823779	2280973744	3518119732
4263627626	1010653026	1387462194	4262862744
4291890964	655852606	1490358202	1352616900
3294433167	4018437520	359362012	1771721934
427143390	3828365523	3408364643	2239874287
4215127359	494841882	26173399	870454966
3653750057	2463409274	1165032812	3756932595
2226743142	2006149962	2671563877	212756425
408655359	2593116319	1631713771	2844193960
2238678196	3081225425	981702160	3424205789
1541605385	996283501	2317358483	781873217
1985194645	3010731053	3335424323	1520394066
2243013639	3002481195	1319503199	1731879843
390886741	3239422325	2320837848	2560155395
2286243711	1227425648	3878510081	1902725464
4007152072	505422451	2222983065	265972885
1292689728	1878620019	3841742377	2862319270
3929354651	3015554027	2896286633	2808640769
2429714379	3308767346	3601006799	1265757308
3302530412	3943919337	1370681151	1486625430
1764207301	2250562893	1107232200	1876973647
2452918669	3132533288	345898920	2393821852
2388468504	2441293524	2965768505	3425239467
1606189654	157445238	2247300694	2708660602
1243483524	4101817756	2816279585	958769131
3689930437	141092833	2319453884	1438135127
322731396	154408045	2672347304	1111806813
2056706657	3576053478	53975290	2443500476
2993008676	2092171776	1440589698	3903499396
4231008862	228493411	953216287	1327531323
4155847369	27819712	3187903710	3452753347
3291310346	1948280830	3548825946	1143310561
1435911037	1142237471	597601960	2163769062
2397146651	1068205423	20075170	798685573
250741842	1817225744	393290159	656698706
2724482904	1694377847	3620880098	1530235860
2389157229	2221727041	4281434851	1053677215
569632352	236980058	183888728	2862374752
429287572	424329256	4225412529	2267920006
4240838322	1166100889	1172878038	2631402799
1937845911	1551476590	2686242670	3065169742
3295183389	4049172884	1915314344	1722420505
4232780466	4190378515	2477704494	3530625573
58852069	2841095521	3895449474	2957372673
4209225991	2436587980	297348424	1303940693
3803713375	2648299782	2139092348	4051169089
3949364963	760551976	900922569	1206245555
3162756813	1436459393	1440406681	3058692177
3864081383	853049011	4169223139	3711388734
3246340685	1248442582	152838394	3735668119
1455641634	1514601530	2553662138	3218780288
3351844094	86223750	3246602405	836037923
1018329202	2475703259	763289004	134250027
1297358901	379925486	3922646452	1322758744
4057236317	3828110575	4111849504	986084985
2587620165	1619209917	3502673378	2501554127
2435819252	1377559007	3968183495	482338022
2795784433	3404683161	3483344901	2687898016
1538419561	3032326597	1616336526	2646860219
1995532427	3822673406	2239362392	2620706253
260078587	2669272881	2132760600	2132782663
83482674	502045384	3745069664	778820965
2584374356	232823303	3039811692	2246754017
2979039303	3223493676	948275206	3625382863
3832338305	1889320436	1536745340	3156615104
3725129628	1488741900	918878202	2295578248
2274344843	2739546584	1669413843	1360121165
3474790370	311797767	4056573963	1530842034
1972675518	1383182947	3732189126	1486988559
3079422472	2593246604	3633500282	1401024548
2863952333	3687955027	3574288818	1882966207
4004507163	1713208392	4112892532	1298851858
4210173423	1088292160	3648119636	879997801
3696025750	2776947354	2729919864	2046816529
1288728790	153195318	2775880574	471141846
3379668072	3368963278	3132406864	2074947269
3720372879	4097417238	254571757	316669429
3319816228	2951179192	3372065439	727778361
4247907955	2292545101	3720378155	2170076243
2436718908	933489334	1040459753	3902057940
130029174	3459588079	3872514928	2925284325
490250314	2701175629	4250752325	21208626
3132786240	2176996830	3170526145	2714401549
3579961151	3240324910	2001982753	978497688
1687548904	2700107924	6400100	1296458457
2491840160	1530074585	2370095731	1487915956
283751483	3975557545	4200506165	3834990339
4248176768	1242955296	233918886	2979743228
2632488675	3553389570	3730093528	2902258659
4053550709	1236108905	1484793397	464833903
1498452145	2929282903	1599860985	862633110
2606295923	1275916797	3696262791	1369188033
1319849537	1536456014	1238589436	3286437198
1172229023	4065208486	1162099071	1816103025
1538334973	734949149	3623048093	1366638039
208241715	2822745196	3464315385	746554554
4025454234	2077058463	1079382092	1833753505
1313291552	872561992	2672738228	335014275
2190829971	3968868102	219379602	2461648569
3343349716	654202911	3526688329	1512513433
4098002375	3792074390	568394650	1185401240
934406043	2174180052	1892516554	952362593
2029219440	2028787816	1634254144	3197296490
1335847243	3118773532	2429487745	1024189363
1533370549	717729641	1729449174	538294662
3703759745	527542949	2738161747	3735271707
207761728	3902669984	190437422	1490979392
1136188421	3946490388	1657911290	2546479601
3509704171	1230076184	2237372598	4138190408
3388635754	902817497	1983125422	1745297300
3301180872	2107097982	1350151927	1199223904
3589549954	2169934455	3007626450	3098765878
1311688219	1986842350	2598066680	771575110
2286909214	28217817	578810580	3374810549
2889040825	3591227196	2303449114	3628669458
3671968902	1000108837	1867837648	1126195790
4256868997	4055279438	4222864334	2453234305
3506712786	1169102089	130556380	2728043836
313027441	1333195199	799802120	1871962193
1247505309	987563878	1106293538	775035838
2016332744	880905685	2342854016	3741873366
1979493986	1541180228	2226447663	2284916966
3979339028	1138762613	2409791793	4086738502
530739933	1567651416	97844682	3241232682
3636251784	3243213835	3651340848	4102117991
1856612327	3427805582	690499500	3497895991
89211629	3752155894	966496376	2184604943
386458774	561750696	167677125	2411214724
1886777766	2732009251	224979027	2269560717
2963095839	1131719116	3627439266	6377223
2857550468	575381560	1274580848	2700707837
2875426345	2133441025	1289249818	3647364747
2432982306	1619189064	3134803792	3710678710
3622119826	3920465277	770982281	785579192
3308176942	2792716659	2807185174	2816456287
3320135520	3665463559	1331694564	3942057770
868844258	3512787944	355089726	3749938868
2522089048	3192092138	4159287779	1168648903
2227665805	4103971938	1826654293	2698088750
2039510144	2734425721	2493387089	924490176
3605430477	193579834	1800794654	2317246875
1745695621	3655649042	3998881546	3474872333
686988972	1281553734	2008777740	3449766623
3928762843	4097754973	387329014	2865166637
4130130763	2210578769	4046886288	761817510
3910631906	1432166127	2501320664	992811819
3851655049	230313675	354956216	2055652625
1498804715	3737605085	3109888059	3063990752
1042434551	2229918278	85078276	3460477150
3934278417	1135251014	1559091817	4032217544
690987756	2224209085	2977124873	3304769899
1432389582	904304839	2007626772	1649365043
1874092153	4042556581	1611241026	360923064
3808618453	2368140163	675565495	2567131736
1009704017	626269383	3829393140	2907524333
2587583747	1682365780	3573271511	246088206
2594835123	2125520289	1593560021	3383253717
797235056	641633913	2760498793	1652826817
213628774	3416261953	830569736	3124870406
2365002900	46690104	336029976	737037905
595075076	1694379475	3933460224	4265204874
3259919892	3288146937	615671210	1883874227
1740694788	3905600387	1557820412	2185976860
1449689482	2806611715	400458897	1405939106
403971162	452564641	1916276507	1010879521
876774203	1205050237	2750993745	813456496
1063680228	136853387	1384319189	1387713966
4076711173	3760360175	122359910	589003844
1045227338	3588714908	3231342266	307224811
3507048114	376938129	11270176	4025742083
957179968	739957980	2192947315	1709079053
2518925616	2386491357	3329999523	1402932522
3842769748	13159535	1912970	1875868025
1173049554	296131498	3817975484	4194576212
3905530566	1355347734	899305065	1752999500
3126203604	2118195016	149409013	1630563516
523072586	2725920712	3489426423	1235937343
4008885298	2448379273	1408748979	1934961563
2383131940	1970250387	3398291048	2698509037
984857748	2088933975	154116528	1211927353
1051330664	2598947789	2199063871	1921897199
3145479284	3270973634	245076515	2104815885
3595142484	1111930349	1617507900	4252189253
1072120353	2990279710	3860371483	1551815523
624920344	1017392311	3535878937	360112620
143755790	3710783654	3987225345	2901768306
4260594707	3145441092	2406604324	4096956500
783397873	457924318	264091315	897792964
3165682136	3892524420	4147164784	369270712
1807923589	236066092	1820873229	3864898743
1049478071	2008141836	2854317680	756235815
2511915771	3305610194	3802834571	808649848
1079732529	4288410387	3592915033	4102025819
872832672	1042968491	1944700486	2661097609
1079297355	185973815	861554051	404650996
2056354699	1696546986	2620958275	453110059
1513054957	2365630712	4005168210	12788967
2007740605	3343458256	170078604	2837994597
209293473	4253865978	158332367	3345637245
1580820721	3638079726	3518250450	3052158895
3777422603	2156551764	2672696182	2876152513
3596700618	599175558	2234464973	1399844745
2210720364	724271186	3085377343	2746710334
291858990	468148376	200650240	3897020429
353565338	4160219838	327553749	646914721
3447649795	3074883999	1485919877	3717358152
339022184	2865460877	3301558862	301895163
3050471758	327731026	2967209450	225338662
3198231508	3797419508	990984757	2640447732
2457202524	13379759	2929948451	1103203699
257640182	1158710221	1441785136	1475432232
1890051699	3216004274	2491614048	3043365100
4181434564	4058862613	2725309609	1169711995
702339970	3830052006	935652028	3242320712
1345018646	3513830826	3160592587	2991459208
188131968	3028296236	935835095	1551358776
1949661857	2711434588	543993830	2721924345
2124353063	3603658384	4069573670	3619561583
1076009613	2429284857	2213541733	1928662093
649322644	2407374056	264135648	3268784538
1136318541	2745762817	3249175634	2903352888
1371968839	2720223602	1727816690	2407128234
915218447	3098767324	947008066	3610640791
282733875	2817958296	965922610	418983782
884898389	1156492862	1958042461	3488590803
4244709995	769906835	3083333749	1372128852
1973426668	2026196472	1835274818	884446381
143151121	3881657412	66504556	156290078
4289653235	3660338099	2893703749	1264577624
2641659311	1558276629	1694089832	3314123709
2212607493	707612822	277825107	599254760
1840722872	950967312	1093729762	2512714199
323265321	1963517327	3257433044	2841165940
3429226638	436409948	3714492021	2621766398
3021766163	748143458	3321289482	4222749247
573722655	487243995	543239450	1345227996
3663810322	3756359431	35188816	625684581
3821034243	3250107013	955246666	3196780316
781898544	502789833	2624170840	4096571157
3257066775	3169360640	3084447275	1860634573
4156549614	2893711631	3197090387	1611157992
3154989983	327641249	1271566644	2050015481
1160810303	1998242065	3873787291	901631322
1375013478	1920478270	139024121	1526277383
125612977	3846563100	2242150311	2515166357
2653348723	369608823	3010894913	1787067413
3525539098	1674333045	1677878887	3024738630
4283167607	3141645112	128995639	4223387843
960909113	766609662	2974683328	2481831357
1985879735	1277286318	3857657303	817716873
4189956132	1050177778	1865486832	1808161393
70516893	2363157206	3172141052	3575255492
3620794847	1445588219	3506877020	3187964092
2374627951	1574495227	4069601649	3735599081
3408114342	3720615299	2250754482	1045009342
419654073	3888892973	2258020203	4157565124
763966044	2777428402	2629418970	3145338089
3398067932	3410396453	146975513	521226895
2099000825	2118362172	2631186373	2361471101
2651861520	3847843425	596944084	2820996405
1352705992	1720950634	3582023790	1746697312
2280208694	92309055	1030457518	702575639
2381072134	3772739771	160015193	971063302
2015349923	415063573	1365135532	4146641512
751312875	767973931	3091819463	3673549431
4052763307	4271415704	3166915917	3450959399
2483656637	1905559024	271594185	3047862182
4236950167	2823070344	3979631576	1368757015
4172970633	1844819145	2668063114	2510456869
1735391249	359710254	2401529241	3949760408
1873614603	2790483800	1295281396	475312074
3420040240	91258256	2530609645	2039856084
1995758262	3230415225	224358754	3088732418
692043579	934163433	827352445	3558599685
4229045711	671234390	4190825002	1436890081
3112187677	1289265111	4237850	461326342
1544394167	2535694041	2043829629	3058537526
1912288631	1176069594	1989853839	3269031963
2354978317	4132504355	4215973695	2325399424
3453687368	726816999	2272370172	2538819581
5979269	2800938470	2734256132	2106111107
1269228697	3927077973	426936021	3670934680
2870605412	793165246	17410184	799949408
1562103824	3481536234	2418740742	3733028478
3707176862	791252580	2969431733	2262524084
2307031274	3778207493	1624976915	4174364136
746195881	947674941	3362335500	1834296183
2147208655	3738725335	2725015312	583589281
1078691111	3097335332	3704771370	2075018597
3763938030	4229515537	465878885	2572118190
4236660081	1162899116	2384618461	2878081530
1847056690	3510617703	1413908012	3425327790
446334712	1846834073	3899661018	504430603
2303413655	4289505517	3659679273	2814452862
1478148191	393510902	2904186794	2252178278
1640312007	799949378	1950099242	818619423
3699132264	679557836	1949750568	2844777735
3538580506	2926298503	3898744689	570756124
3619389226	1120934417	2484457598	178668681
2887518626	3478027722	1178603274	3096638073
478842389	3245922525	2071061236	2808934461
900161121	50438936	2847255573	2537789803
236613116	772161003	2666363644	441862513
2688734451	428138311	605881260	1731868852
3310733517	1857992636	3990140946	1983942597
1795560239	1719835018	3143933212	37007245
1814610799	3129639397	543234616	845642044
2933797573	3901743707	3195929100	1424416330
2613031267	4198714970	323432496	4047495392
2372095092	3780202734	3801457049	1464239186
1270018906	3195538593	817196658	635585885
2405204461	117114791	4021861053	2818525854
1856846554	1620112514	2873466501	3054772915
2193257744	1735911567	337361127	3469064426
1565173771	884853752	2027465660	1289889295
2216495111	1431655083	3993537577	1200161160
3013785776	2486391288	880597769	4226471603
2207823794	1176125656	3069828028	3285647036
3772288858	1604620884	3824217835	4069599738
2511605764	1942968067	3136220582	3101499813
655655337	1330548650	1093785601	462559090
964045858	653258457	504215430	3121343615
1527249107	1405979166	1998217021	3178578071
1054420360	2597173660	2192916335	2535359146
3526299731	2724091691	1719855023	353020418
272484450	2275148872	1048450747	2144598603
2278747844	2522199377	3928805712	340937936
945437032	958112117	4075681922	3123355829
3246287821	4122569461	3179230293	2387856326
3454928582	2574129212	3072146518	3568611557
3692623937	1684725826	4160034987	3297393049
129445946	2791134476	4070138094	2813669522
1357079540	1111785513	840668962	2376131080
1063446004	3411734569	2354077064	1310421114
3746187837	820041705	853778048	674078696
517700496	4058554869	645751724	3313974103
4046850124	536492684	2139338997	3758238054
681527645	4098838158	2187545617	2361059498
3080419711	3030689840	3642109723	2553518885
2955428309	1442015974	44112013	2209156621
1548069467	2911708616	1765170990	104849939
4085740129	1777944351	1593312900	1125838467
3488860363	710488993	1097165844	421879458
76824647	125816129	3355263346	1639010281
2494875459	1493602230	1748718149	3299491553
411922655	2516106890	979120456	2575002533
836495057	4039802164	906065797	1381739939
3592037159	225042115	2070072794	4195390847
2863075762	3761120452	4273552415	1113792693
904596510	869921871	1719813656	1175474840
2485648249	697452214	1338589737	1743058202
4074465706	3090331205	3991907273	259187592
3795095863	364391037	2549226691	3826292879
2771382548	1110260987	3754702707	4081235562
1232752048	3194431120	3715237569	974476308
1913502820	3440275222	2380655247	755867913
3731615679	136559279	200689681	2666362443
4046290137	1428711358	2791373853	3810741317
2112601230	3272139244	4253386733	2913319725
1306480541	1493952189	1674309650	488011
2446697056	17346884	3955616700	3231626219
2139667181	3202254137	3793128774	887139685
3090201604	1767258397	550820892	1770526231
1817683993	2640230114	40590330	1237141215
535261795	3455182112	2067508881	1484409446
753687380	4138663815	3614042260	1197873942
2885331529	2396587650	4236105248	2246130949
3560817949	2339756372	3755375079	2488737126
1952769841	1862961827	1042994055	1442738496
2284318967	506087772	2400465485	2145647103
3155416441	4103839254	463467299	1808881189
3803819487	3543417006	2396671042	51225317
3499533296	908225082	3822506307	2606101386
1994616846	1962225128	2155206454	685330127
2249113869	2115206423	2441422773	1625294376
1381819964	826496502	3580094920	4204585695
2076186648	2879156906	1353617554	2203815310
2980128070	2920009797	3429114810	1998176043
4212245476	735907504	480091455	2381865040
417856249	2111877818	1976236945	1122573789
2265682383	2144306954	3976241467	242481020
1605739661	1042191465	1576605183	2885710969
3093303745	257712967	300364400	2676484480
1678005464	4240395820	2520364441	3026665272
872735139	796339638	2701038060	778541577
1121991841	2961356242	2660496543	4099468722
3816746973	3201314507	2316713751	2997663800
1916555679	2334352543	4276204748	3042314104
1012090344	3466383039	984092178	1268246050
2051192417	1673681547	1838483033	3122810471
645457852	2406543326	2375838273	3886787409
3723969542	2922647859	371924591	484529151
737000685	3189082280	3980903750	4107689261
3359264397	2874395619	351874822	907786639
1649428516	2771218481	2513840712	3118916705
3040316469	1654811554	2528384330	3181444854
304177470	3092461944	1838614929	256554350
4267012815	2622625432	3956865545	112523258
1681328978	2847046881	1818305397	3411973539
2532655628	2002460128	938902458	3748472830
1330343988	187201324	117810175	228739938
2683615173	2802234165	3698709114	1161732120
1177519853	2098396043	3251107643	1128636617
3257932558	4159251644	485584604	513206001
1598062782	2380084406	1996033881	241698427
448924521	2900231098	2625747470	3694002361
2087447367	3565706910	50166372	536026930
1267956251	1769754310	104327101	3119939485
1750860558	252568038	3823185411	2248671809
719766243	1783372550	1806274703	427373747
1990817872	2159784150	1097936128	1757502326
1671133396	1151280741	850559243	1107346207
471736830	829877125	979185005	47948399
835469644	2316655262	3302726581	1388460798
704898368	384512815	1102173343	206184051
1481403822	965399168	1945593268	1027359862
827037576	333642550	1660492593	2736010927
1003433638	2575761605	2460082841	3836977805
2318774558	695540143	680928748	2646768768
3392242662	3207094334	1349399981	2575420383
4185180302	4188364065	1533795679	711597089
3444775845	4172318103	3280153177	3809465702
1345870468	91963837	2747741176	2115531484
1999755113	980234084	2838405296	3657006830
1663129737	3494299167	3059252885	1615492931
47740557	970569173	3463740205	1911375539
944666484	3868331295	3390444141	1348800808
2583528722	2913299833	1573357232	1464367778
1631671912	719243815	877519202	3629893023
2208119985	3470830494	3795839762	2727314086
1046824652	980707854	3048376287	1659915533
537415348	695054294	674551827	209692886
100106281	1749767134	3957356624	1322343381
1468475855	3087530479	831666154	2743952468
1266735402	3436596022	3369882374	1721667839
2055880783	1011272888	2281275207	16365174
361317131	1013562008	605544055	2060555033
2990380499	1736087750	885160194	406882471
1029011790	1532950571	2125969585	2390829625
3266136655	4091970407	3662368033	1741045296
564962665	4199058955	2219495570	2701197761
54640473	3794772943	965610893	1819394684
4135533428	1694585325	4113077628	1374893760
2578652906	3281759489	3423255655	509063733
2106371973	2678286474	1872982564	214022835
3388372566	3227135236	1723027729	1490413548
3676860233	1072504531	3999751305	194249965
4198201561	3724802438	3368973188	304638910
821512936	3202651175	291867277	1733778436
1368331982	2296965660	3013140901	1096849438
2770889295	3145928635	458851492	1941814655
4188684438	1627816745	1265952366	603478250
1933815081	772810027	1346264151	2928943253
2092473308	4220901253	762138265	33948188
1297633528	2444399761	1208792096	4214886599
3678805806	474925201	2246179828	1246186473
3757992417	1895106225	3239362093	533765116
532528627	899342852	2011225419	29081885
2052635902	3379498350	1117430273	2531983102
3149476949	843830859	2620713762	2699654761
654176276	1211283418	767453395	2504196405
898852572	1709723791	2477181572	2268982146
3286253341	2274697096	3845170392	1128250734
2790752465	700092002	2711148618	1150842109
749809781	1520112674	201701262	220620688
3635176848	3262796708	2544187541	4014989697
4235163308	3448712421	1577751998	678676689
2674988757	85772441	769442602	332023106
76900218	1781334425	3217633363	1577552263
3242900198	1567413258	3139072262	1945797583
3662466415	4127010567	3333636185	2767982635
2711078603	537786831	1711303411	3998288104
3705219672	3337849171	1042097607	4147584063
3490500062	476385476	1030100734	4067136392
3312216264	4015840558	1959057590	3440342788
1163874282	749054363	4207113439	1407560815
933994839	2662136620	3744746375	938269446
100255473	3898889407	2094695250	1783375843
3509162530	2023342812	2805994472	82255825
1168923893	3073813195	263993357	3157925221
1342943769	4010606210	1696171857	3261219964
1528822344	3545713370	577130610	3316122974
1533741256	3873608010	1834935882	2688078910
494223308	3528409833	3662908409	1685696584
323020879	1023304076	1657922949	3498710295
157100148	3049036209	4016218617	2845927408
592732501	3773074471	1553626617	1550327310
1639698448	4092065177	2719587429	3173980386
1226302413	2450297216	3449961196	46762662
1122451059	3259137208	2238897846	1925335471
1443771240	3580752475	4080907303	179856237
3169290296	4049492708	400548875	451557455
671972096	2911093245	1629061691	649514434
4183108515	3626125215	1564520647	1105594473
1297735927	421711912	3014478881	4077124500
1232523539	3453062033	2437551957	3972088689
1591450201	1358036977	3896956354	1184611598
2985225278	442033793	1442801357	1416898413
887700246	456158032	679198375	436732209
2513984539	191437874	152034980	1026675517
4087118058	2250315140	2514661257	1376657710
4227627087	2742736524	825359169	1914188971
4069778146	2191904319	677905585	3674204506
1019290722	945756942	4077423792	2281919996
3403553386	2199774916	2216940595	3813100251
3403935134	1665959187	654223383	1788987196
3833863680	2767879992	2661151531	1603997320
3529115033	79212868	3404948679	511736667
4011982480	2729520288	706772965	468662537
366178160	3161041695	835863050	1796786827
2837543360	242361357	1986531718	2613867191
3700574011	3637490607	4140302156	1297812242
249464765	349894398	1224483523	2331600262
3044683477	4176160870	3754128520	67810897
2660802965	2816599900	2842527740	1349429996
278474776	3090337539	692282975	4045382820
530748658	2102162802	2530312075	3399103948
2768866802	1663509643	1790212702	3404442143
4255028180	3250075433	2329432919	1010569185
2415161089	840785167	1325200980	845417684
1132705016	2789566571	2225106329	115196782
2816455981	338937973	2000367222	414662017
1029662036	3916700912	623429302	4077667609
152059406	2014129265	2394056708	1480375027
351537955	3878690468	1488896154	446998543
3216100756	2386016887	910982985	886133964
2776920145	1436563890	1778719013	1515251406
2339061970	3187189832	4013155428	2165527934
1285960916	1115005876	195827552	2710626673
1411686967	2563240632	2775895597	3034449999
2249962118	2276582720	966934286	3244741412
1327606349	2264708723	4265274497	2177684833
487414252	67126598	731415278	1813637998
1243257197	3515804315	3996835502	707157667
4232037643	2844331453	2683640898	3972616377
3578347705	3997423515	1959287997	3533327101
3083087622	3062242763	261446868	3233750608
1582652830	2790431573	2126386505	375070658
487178933	3161682479	3021869103	2443456889
3573766930	346893790	957578831	2428444077
2483549354	3069226748	1906210250	2174528257
4041401600	2865912133	1298272943	2376177105
2816603931	2201065223	3591396837	687509677
3370733423	4135794341	3147824881	1681265152
3657552727	3293927372	3561600631	460419913
184606594	1659274608	1067330405	2269866210
3559693691	2192165924	2639104921	3888733041
1939222146	1085527975	246308145	3205609017
1251137410	3102487720	878033126	2696263321
1440510303	2835644014	3297635141	3153976323
969747616	1938049952	3409765928	2956136686
426430926	783600328	3954974788	1715840289
2276856026	933789959	1402934528	1711634610
2839945123	835768598	1712084872	387479517
2706751830	2764329741	3046583101	3182225377
1331841468	1956271771	2499760260	2453033201
3694043896	2305649222	2703208215	1629406599
3188012144	1507429431	602982554	3231212663
2586316213	3709036095	538598430	3284334148
2618258561	40696833	1677088655	2501735074
3493771180	2302901160	2420316592	3496168368
2375034623	3040717233	3637486978	3903255663
2680101348	881217555	2363800772	262119082
873409424	3479785238	3625277834	4095547000
1549450947	289956647	1582335105	4100339663
760667288	878979890	320138593	388270265
2121787437	1072498563	1043569109	1399391065
2833088820	4024734601	1375265618	890737919
2791999434	2845524000	2405816385	74364432
1639500574	209521730	571065479	2037815294
3626635273	3707277880	207908791	2111327892
3544300683	1417639500	2900599718	1530648395
963371755	3284219681	1625373535	3375097401
3995547219	3810340625	1331595836	1502708446
387623160	74448122	4198527869	3512525977
3763644819	634395803	3009118897	356365926
46041512	2269165352	3540429322	3102273690
3037787277	666653176	938152690	414653767
3805280103	3530797694	1289476659	873619016
4139062852	11943587	2682945878	2378594506
401597478	3195211112	3874756575	3385374864
3998341537	4226303646	1389941848	3135335288
3345772713	280426553	604522566	3215965437
4164067412	2308345341	1608039072	31670375
3866392675	465887700	3476636225	2715717445
2514224983	3563704758	3018155089	576605603
27924112	3805894617	1814723177	383112154
1657905194	3335909309	3641488649	4023832597
2201889122	2883483334	3921860593	361174722
2274447713	2672593369	3234068875	3977059755
802985242	1319193858	3646348198	2534611215
162586744	2088359295	2697299829	3237726241
427361494	739596954	3716343505	1158679137
2307755475	157080286	3002380256	3208385556
2463198649	1788265889	503974869	3166226596
703055459	3759903547	3298539015	2482148989
1928195491	3829623423	4027643175	1970967825
4134941950	1236316007	1356480008	1653105971
3721796995	3498246968	623069171	3840604328
825877805	1851051575	1651530377	647674151
3923085725	2513660475	2312649617	3080992614
3334229765	135710994	2074697777	3547812321
3435925588	31384457	2588707746	1964493808
8812141	2660605476	718478833	1225506383
1297815979	414359350	2933033783	1094160500
2252966214	1441389350	1771037811	967274039
2775798888	1161080914	4150676117	2137136848
4041942516	3438190370	2635112285	1436159115
210201914	3365232086	125101195	426349989
1348171963	10203501	2758092072	634386516
1276411047	955617071	3503399414	3060146615
905496957	2914341317	4285238035	3644770125
821181526	2637455813	2526419501	2744415611
549332553	351459310	1344165591	3449544278
314609235	2518390118	2570532415	2642250557
2965733275	4117182629	2853168087	2171272946
2340884073	3774710262	3063079960	940390682
4017658600	149051258	1764187492	3582243975
2386114010	1935219449	226435907	2318997455
3898749514	3679008489	1332204272	2272773470
2858098467	1126613102	1986229466	1424240469
3566844888	321485786	4022639452	2208726638
3588877166	2894801872	1721885427	818712716
2906751581	3885296100	1456843685	1947838691
1354759803	149028807	3853790609	3681514358
1985912153	4039722575	3587110210	1099382414
926618932	2511815246	3891384915	890890531
119062996	2018458997	1908667988	3781288965
2284795730	1505630753	1579032004	3046938383
2577894274	469076350	3267301592	3824930060
1180573554	117608085	3260728776	3324331652
3344660546	1357950298	3144006275	1988839112
718204606	2084302040	195737980	3203999831
755070331	1800348396	4205232593	3649124892
2236976301	1787918408	8854927	1830919070
2625563790	1986462314	1393103318	2204673702
3944011992	829178428	923233898	3073221060
2440251796	3483713889	2295381684	1616528359
1776808625	3203453377	2418111024	2281608436
1050554755	2439149256	1771686736	1025581586
138629661	2227409510	2826350715	55778225
1945175695	1328864653	275358522	1032826486
456280638	3505658978	4279164790	2559294752
922809911	3029382353	2304477815	1126182023
2452426307	2063774968	1331775925	2075969153
1023979468	1169216969	3908273559	780962228
2447120334	1229869269	1026050273	3676337921
2173850746	711923674	1955180313	3819642262
3822844600	2809637761	2804028606	1001579045
358727608	2702266310	3568058834	863840031
1596912164	2508762679	1151906771	4288015774
1253767083	1139138262	4016476835	4073881543
1315901899	3928907581	744365882	1232669978
2935557090	3165057629	3716715687	1548189939
1699747810	939542976	1818540113	2839072027
2357020604	1422995725	1546227926	1575241077
2955184966	1287466752	1757503058	1834746375
3637828107	3263631051	2157281677	3006385558
3092340400	3398994282	4175231275	2265252660
4014822431	3628687248	2831650875	1865518954
223653693	1918132546	1593408811	1453304440
1408628197	3688307398	3261929795	3989525310
68818002	4135437941	1909793657	3614913001
1372999778	2603871827	822573627	605287254
2658646120	844192025	1743354671	2168263045
2406152883	3822736460	3290754610	2848940881
1692123004	1486756124	3029430096	3485878898
2577409657	2531718346	2019066253	830721566
1304280021	3724542419	1619633661	3682375748
841763279	2919936104	3730319221	520145652
267922071	2361463344	2634542827	3794203997
1075953340	492778301	553924842	1574661098
4092370202	3623783161	2391674073	2869094258
1972233544	1524696722	3778073963	4033479747
3448808603	3602278865	1386765582	1275784473
2442252338	3905955311	1640871080	2992136820
3825922687	621169725	1487269055	2166060433
2358903617	684653766	2350575388	1356632854
217648197	4210610459	3365330016	2213640316
629528999	2294562666	1088866647	2825756263
1002239399	935820208	1484605959	972151832
505657842	1877048133	785389389	177779417
1141700613	740955544	4056843801	49473531
3344518232	4187847780	1448422032	426598471
1645900209	1385311146	974261767	491971868
398438693	2866417886	2289301447	3806472942
3185763154	2102988260	2251956881	3677541449
2038285437	1229387091	3183683237	1381950334
2809897718	3746528205	3433334794	4128806283
2036036632	2071887068	3979927453	3237597698
4011832517	936434348	808698698	3402180789
1966175438	420103207	1134570376	2352133069
2500608812	3141746511	1671393829	2289239226
2961563856	3914144970	2815001915	60804926
610724341	2264686106	698290086	3000831243
3723324938	3270261746	414446487	3854270123
1530092793	1009895075	3058857356	871926184
2925145026	3183134144	587781736	2287347031
3415716625	2962380576	814652949	3154880260
891945192	1085064341	3159848975	605574249
4177989214	572009192	3821077644	876545134
633952972	4201593476	1613479418	3782789530
1830652282	3696843573	749221936	245937723
2050187588	3599607499	1671367922	82667653
1002904693	3695561168	1581641747	2327168139
1659360742	1868091841	855264327	3878896768
2295635016	1624384933	1561731643	1134252774
2760629173	3719179487	1088825322	4171783287
3682751441	1135834260	997325400	590973130
2182797208	228057431	199288040	1539792573
3724124062	2527551582	526034133	840999610
156599572	543713735	1932790236	1964509485
1518276758	2938614771	1887604556	1773957021
3425216405	69001569	2898415359	1381422091
991680239	640864472	2551285170	389320891
2374102866	3055610485	643918981	1436962359
1143766361	3736732387	1032004908	3247891001
2987377085	2075698645	3820814345	2968573549
1882486616	81615757	3937722071	455217097
1555244988	1336828031	3624824355	1660693261
1955913192	726845837	4074869078	763422533
941185710	3917699970	661977003	1132181640
1542245339	3612701874	3832211374	1769982721
3038389897	3655495279	319569318	2545612087
1823350712	3517728118	970278613	43916877
3832660655	2249985077	4246947072	442930143
3306539604	2828647745	2026097954	869938756
139611204	1831677044	2170898741	2684829126
2138654104	669156735	1011692178	4029113480
1240187113	3867771121	4191902017	1745338012
2729309952	3452598261	2637676561	2284662641
896128763	1716442659	2217672868	1263049376
4010022767	4248733396	2023683582	669893509
955769912	1041102776	156648831	92275327
1908087116	972994885	4277079741	3019646591
2625432546	2361626330	2848717838	4219221801
1311091974	4031306615	1594450066	2342790639
780213022	2005614559	2739078648	2573653397
1770246071	2549585688	1782684385	3219882926
2399407874	1022472947	102794569	2678496086
4265284146	2183473326	1906651801	1421718334
888831581	2333928819	2370864901	2178251056
4184795914	630305392	4194129833	3038862074
1196924139	37018367	2987610213	1497948974
2345543071	1430767392	1372896198	1099101369
1548193154	665184738	176020584	1256719605
2449962386	3263892909	698789409	1115883127
2059502352	1087315064	1846970113	108784403
2694629523	2099583092	3712662897	2924049207
1007392082	3489100273	3081744862	766977038
2991191836	2663233314	3738598156	2403610790
1267173988	544600047	3439125142	2516855184
3273736442	1635781189	322456140	2097191398
140958788	3872162132	1729441844	361877199
2578209498	1431495429	4203029018	3177189588
1829574632	653991810	1873249621	1914443986
2262285455	2447755545	4122846846	816036645
2674904436	1895804043	3308977285	3112779913
2941751724	1525225184	1561660169	2150957985
1153037114	1129296788	105208831	4267650042
1780732529	1847631997	963358187	2853572008
2985846156	2676558186	3068498989	1537997585
2779366017	3246905579	331943957	4055479656
1426057924	3746102966	1963751108	3145422801
501925826	2165351417	3988315368	583128787
2440636097	826982112	1125514000	2675866846
1961171850	2808157718	2069088931	457849608
2131662216	822590118	3274307871	2113795967
3597540347	2300513786	3236092415	2776725753
3842500490	248064004	2416439132	1260590128
1738653126	1527421371	1725755654	2720968189
3724227180	2436927048	3899981607	3819053565
2255934715	735121510	652921760	771748736
712975617	2351147609	193636700	3779917745
3375606045	4234024514	3325082915	3625704877
3769095516	3171774350	2888578888	2618094756
1723531094	928388203	2732710896	1458583371
4124448251	3245780156	412048215	599396651
857708255	2156031223	2591712396	435895837
1610430466	3895500097	2968404781	2365429608
1950020636	2449602348	710441485	1009495647
3056906402	624861925	1629250584	1299869577
3626284767	175580353	2489566583	1708684481
35354017	2445896783	2511049617	940591391
144080651	1421228517	236726719	3754068128
4034313531	2501514633	918702241	2616790818
2183290717	2325533229	1946537739	1798434677
1728052671	932776131	3031128661	34108095
3876203266	2542750878	1009120271	291898964
1687562728	3651400576	1026451141	2694153242
1042519018	1332592916	3765830615	2202062514
3536298724	2661547564	761317044	2013950296
467602541	4116558357	2341250793	3272817751
3389105668	824550468	3506160025	2746226875
618335977	861760355	3525017144	3424177074
68479988	1871357426	877031428	2195676881
2129731677	287314739	1169875142	3595553017
3898785638	1955395989	258932349	3976497873
1816262430	452272434	1697427941	4034817780
3630150536	1217079554	733902361	1308490812
1878196117	2726086246	43481010	1773161832
43750043	661066156	3243022642	2161286364
2342720767	4019507990	1721875932	3428872983
718017607	1593602120	264120770	1215068026
1850246115	1067326735	4090418657	3737897012
901263275	1617221184	3755667305	1680504635
2097233584	1466753352	2330100623	1600960066
1138803033	2212304276	266631965	2262252675
1060465145	153251801	3730956508	3377727238
2748020104	134176747	1403247368	1668465750
947573019	3455841085	2228345817	160381299
2680090440	1535720101	1117708744	3297640990
4123547253	479306326	3009732124	770865713
3029740902	2804226758	3080650294	2476200773
4298815	1291702762	1627457299	2779543871
2784761744	3225202210	2760636293	797632370
404628536	676647142	3749354948	3932628960
2608290545	3124559131	1907547375	3798258137
560174210	70378460	3809893499	3640205431
1991135	1270757936	1366983142	754614813
2282439926	3015505207	2193731942	3098572997
2886677430	1482258077	3323182974	3132034922
2216574813	2475281000	1684992229	665637413
2517879860	2189111741	3578127695	1611341572
2223822423	4277255819	1819977932	664598453
252209737	4276907786	3808545017	2735417578
3205813980	4100257115	2716362600	3188061981
54644805	2371853972	2171286977	3978737344
149926089	1605620306	1249950382	616016008
629934374	1384408753	187660804	3473111654
2646891232	3079162701	2947079272	132571830
1788049746	1851694952	2499916835	2194714409
421816960	510694161	1931702421	253347394
2951276386	1133425022	2356372989	3677649865
4090110553	385644564	3730757407	480900799
2278124235	935871415	3551464684	3909332745
1259915967	4069321388	259645502	3994063362
1274123913	3038624834	2331251294	2408719208
3595659023	3010246980	373479135	3630513323
3830224186	2880245943	3694609558	447647931
1664007069	1563006662	3344346033	1890261198
3441315649	1829114277	4149835409	2539721521
1389069819	2549678	150878800	1817810401
9372404	1192400790	2119106130	3232087923
178866017	1831705415	4117976531	4106884285
43057515	4093313237	4284056815	3134035872
2140980290	2733356595	1594770865	4260421622
1730923230	2717348125	1073671051	1385339945
609186342	2168062979	2990903110	3861353565
4251775547	1524812571	1004460441	2372677085
627518278	693550230	2441659336	1599227269
1718145077	1564640895	1473221938	406842513
1283987731	225505491	248823577	2705854946
2555551779	4053088811	3082745776	1046519503
4081834281	4279267613	800436465	2745717848
981450351	3326938634	2451772850	950556326
3220819780	4044920679	3355822432	3747481272
3160230905	2482266721	4209161372	2931298866
1693332940	3967589438	3716538965	2730911853
2020424367	742509794	2581132188	775514883
495757701	3238423146	2720289946	498583807
2164686304	473978065	3942816179	3042235486
1823356685	1417073312	1556731342	133494801
325568909	2190344498	3494982591	1693001297
4256166315	2403416337	1118057614	3818463631
1706232927	2279356154	3214313135	2878032766
1255653416	339210015	2593757068	1664917587
2689221844	3488757688	1858908366	1184176939
1665364418	391017971	3129493270	1961884927
2576220392	1485050979	87666006	237714696
2620441933	2892301236	211707056	1028574411
1282179919	1383536515	2856444895	2702688699
1936077749	2548657200	3832537733	2559216140
3185558683	3022566410	2010000376	79802749
2254126760	4015718755	1203032338	1136091277
1193556591	173811386	3784449683	2827073740
2883622614	2216620275	2059917220	268356524
2902506640	3617200917	785667070	1615957989
2505980366	2882732943	3837465502	726296796
3810510686	1161234158	715074113	407944767
437947721	1106221170	2260879921	1925592807
3276405803	3581374158	462774248	2505918952
112377461	2835485630	444706551	4072807812
3605777397	3348930049	22995395	388304672
1137557001	957977149	1448317434	1399529026
3426506658	2433671125	2317247475	673200648
1008268319	2730606677	3519516331	2742949823
3721649896	1514022019	2779837322	3839621098
2173306917	1286553568	987577258	2959203125
3583984942	444198778	3937966149	2240708750
987428535	3042926795	191823068	606712668
2179083740	1717494585	49665853	1043497551
1901945454	2574132570	238307207	3697592144
824816271	2095369467	897932311	1275106093
2361910994	3584431841	717866868	3569244287
385435648	3475463065	3412511850	3544403349
3851378975	2822261358	3473935854	1580243591
1037031256	1236672594	4273881678	2806203310
3453577820	2993328688	1051776163	503207733
4021148521	150422850	714530363	1290018763
1186501558	150115294	97198776	1479072289
639675974	4183371693	2645198721	2814809677
694890817	4195839962	3119281403	3416123034
1525252977	4264028039	3267555721	3541005669
4151455555	2427862787	4078949707	1984263577
1669602793	3356650855	2250394716	444953442
1189870181	1365806854	3952518309	2468835716
725842884	2415695729	3037967195	2884367650
2849777242	987090370	2206539360	1351487772
3425154016	3804082739	889075171	2736270703
984296349	141498261	3104383045	2978362434
2772095452	953072452	1976950684	235055190
3460061910	107173974	2472331116	1313243721
92759551	2842178018	358110461	1387657101
2482993462	2252953236	708510765	2004068477
3795986884	1192803248	4016428073	3733056931
1939319304	313871423	3288648291	2096228635
125966249	43121208	2629665031	1770232056
1832793556	1152435289	3089041657	130584139
1049177503	1514104936	4048406069	3973209299
3890125797	1552908980	1132117287	1560386656
2677444142	1558502399	647984417	2946403767
80666019	1366247616	14173893	2073620643
3199778111	1676196189	1381459026	2392553139
174349789	1249954874	1206944820	295507810
4120251095	2062587353	3685654733	4233581343
3388022251	1108802174	1476438175	548876696
2748765171	2900652064	3851887964	357788753
3224389163	223315002	1365169755	1699898369
1900589756	1773670911	824476459	2941556100
2694025772	852722910	505066280	64950566
3591175611	943854327	2728721905	2794470968
810440596	3558556894	2777209090	1281389232
2562676296	979810687	1127066426	4283402612
2171942173	1460712037	2045602085	3167082310
325141717	4048658147	290403401	3142193442
2362535132	887224058	2560028051	2322529976
1545722314	2534236977	2633900521	2940132809
2930348750	1255875821	1368308693	629007913
2596971207	2517958712	3990061267	1853669167
3161017275	333509807	2307598126	3198131198
3554902686	3442555177	825644792	3240156759
3778591550	2461690948	1340415839	138705143
1414732144	2281321095	1208927867	3818518516
147004939	1337981371	1053348727	3765101103
3446397763	2844833498	3119032563	2025306382
36304414	3609271032	255143309	421786442
585842025	2798947881	2262710742	477300170
3358086938	3790274745	3301211666	3996967164
2574841001	3992415556	1162672555	2094001526
1466980140	436400474	3041144626	143614329
3689518617	1882694898	1061021998	3343477521
1615772058	2992490708	3485271765	1124968398
2838293955	2615251455	224097668	366284628
2006287800	1170258113	4259235342	3540182266
3902500849	1812875673	4049797567	1792768832
3110422282	567773307	603204306	835409006
1286932780	4079600149	1341386311	1084774850
703242615	1079773708	3740787897	763940193
336447007	2001092931	1758293236	1888287954
1273900395	2079034811	3282361665	3982861634
1363058240	3575131858	3719290984	916859453
273496472	3991454083	3209754690	545067997
1514312597	1739724751	2092867670	1350372821
4096430440	339029145	2734892566	2649616873
1905204950	1050712201	815028760	4245138853
4108733199	255274589	2457323580	3084460232
1145820694	482253142	2599993106	608339214
308724435	2902880647	3424534817	3789243233
476963934	2774898339	2140881594	142093703
1896595648	3626263235	2920915317	602503774
3654105092	1130478891	2459989844	1203793667
30919886	4082704305	310260153	2753139716
2076826974	3645333161	1143810568	4074713010
3337253916	3987563278	740170016	1837931178
1216651912	1374904077	2177909113	3857228150
2686071381	2508320300	1920550076	342887107
1856774543	3894594175	492204063	1806408506
671973992	406572996	1916189435	3748770235
3674097710	215857444	930978961	1454774632
4279598665	3694553546	386447209	2724360653
2108596702	4084887031	2650790502	2957387541
729467476	3851809040	4224071168	836486307
2583231071	1271416206	3927579084	734120413
4108500793	3772022753	1320498954	2878488868
1898976352	1131953251	4993393	507770106
632259175	1703678140	1492096724	2196433585
1397496528	1504249086	1216841904	3907472150
2927135928	1107692017	3696907155	1157850490
3805306819	202603775	886810930	4183023904
3552085197	393853699	1113890000	4078680510
400114923	3442601771	3864883904	615268241
3075282613	3147008303	1595053866	1997132624
3353006333	1775908736	1197606568	505435468
830322117	3841151511	2978820534	574977615
4156978424	2136046642	2082896973	1348053442
612839362	1430634339	3605007228	1238538984
1350857691	2707575567	1781734455	505806512
2596544605	1537211028	3163018171	3029620846
2900170930	3616099172	346254649	1845893470
26312154	4185750142	797449714	1619209904
2397346182	3533702232	3518693334	3312213765
178410012	2814008801	280656484	1887083644
562404429	1421833327	2522531134	738445607
1301528192	121620035	1422733559	1358149467
1709682102	1323841762	4106543120	1018250092
382915923	2506004599	3993133842	1044099320
3820974192	3405686388	1893265916	3156571620
2506848044	1934362069	2395187582	1814683732
867417634	3690997448	1804923956	2854363970
316347184	576904212	2461279360	1448571544
1373229011	1767670417	229033123	1878639353
2764754316	3652078477	1286829887	516967353
790921016	2591512772	3055368595	1876616854
1125782412	270691100	3684636117	2324769985
1472813788	2582034798	1074851372	2866488292
1309992244	4103994639	3871945897	687465940
2356451945	1666818513	1024653973	2458953995
869372994	1593125548	2547615196	2287654551
2827949030	2344326263	3850298334	3717467382
4033767600	3333015837	2605224672	2095955961
4064333563	2574162542	1613203927	446823296
174926867	536704681	114049568	1850041040
3332105277	1549239404	1187674340	2022408988
3577665628	1966608351	3578407516	921651184
3641689789	2670879443	1635851659	307285274
1960243117	3182098626	3250334347	2072044903
3185227670	660824883	3444745016	2263043660
1379596431	3676774018	3733930157	257883673
3436996196	3911924305	2703398584	2426521467
384816419	433176245	2389023655	567044636
2275165353	2742435574	165476788	4082527397
2949521051	2197986806	273733110	3308618934
3245540895	2780960480	329791247	1269938139
3495440415	1783854701	2003739626	1431033469
2872823828	2691422231	3053056015	3562836549
3753417906	276676966	2855599409	1153019407
3987983613	268474499	3253523079	459846486
3358892308	4279984866	3834818948	1872089362
3428356113	2160446967	2267681648	1895435028
2641512663	1861560492	363509118	2217838358
1556086608	3948215823	1568911768	1323511965
530463323	3016772532	1987185067	2187380995
2532123888	4084547697	2421895311	496339540
3205092882	2785089097	1757961968	4066251099
1950125161	105907854	4206390739	409120338
437143797	1040274547	3421050365	3686810396
1245762232	169465021	337147152	159549988
884081594	816109998	3815731870	784669039
3287106210	49238890	2616551751	2785513129
3421911151	3986172799	3726727240	907201964
1315994604	280696377	1927667418	2435923626
3440567002	184905540	1837278641	2904502664
1563706124	1441621496	3740814350	2824832136
1979829676	52489605	1970583067	1506672375
2798283445	3777721859	2615634785	1980399967
3791556319	4021521773	3395324861	794660987
1183714625	528201468	3911654507	2113293381
3916340489	3539006363	912355229	298898783
3088931214	199194678	2823950374	3694302454
2327358609	2729284141	1260618677	820688902
4082993962	3474765219	2605695938	3371037453
122285513	3457360412	3350230825	2246868230
16521820	1663666510	178004349	510450811
1881718377	3971047537	2001108232	3052497958
3068590563	1828916737	488448450	1479570993
1309667878	3766139443	2793140718	2668156443
2787602330	3636888736	230233300	3448363971
2278510837	1380043883	2708371263	3918397235
614089926	1516155894	3767195641	2709999191
2053112895	4062645553	4196308243	580373867
4147566603	4276987325	495048378	1681306203
3517646678	2298743264	1944862367	3773579317
532882890	3106551896	1079129556	2198451438
574338259	4233551007	3665533044	1466018445
472805509	3931263745	770637428	1218570574
2034227469	3054586034	1914028948	3692155284
1988416058	234465203	751072693	249478462
1127044472	1625110620	2982142117	1277845997
856801038	1971254754	3662212696	2058105216
2441110034	3428200944	713472950	3611945154
3899353059	2198155757	3890512828	3602280388
545602263	731780731	1997011522	708520972
572170025	673066418	790205103	3381110499
1705697139	972794530	2888143751	2092743349
3964388512	1699349250	1682421816	1498552242
3819471001	357979589	2194947394	16305740
782178599	1564812625	3847090466	2181490373
936727026	3242255830	1548809826	4273700825
516279589	3578695457	3709224990	3827571397
3108693019	3473372248	3668819535	1312671071
3379852043	2161617000	2699472730	1006613278
2211487949	617232537	454537983	1174412968
1206436087	1897300818	1822389480	829823474
1289563300	821086449	1147457743	4027772479
2653838048	1867320696	1373238549	2439094294
512711815	2857568611	3001331635	479472873
345804620	148953410	1890983382	2391225576
3164500114	804039126	3301971618	2123454321
3308144639	1397733642	527220686	1774273006
3969748112	2801047233	1305798378	61009242
2883858916	2989514342	2039347104	91474057
880076585	1134565993	4104689858	1928139682
3790019514	2273941	2513692473	8496438
123476666	1928927923	223611321	2899081799
915044976	1019095753	3117176730	3177144009
651570134	135966319	148988218	415708152
2236043246	1623323514	1926060389	1898922704
3464594752	4259473112	257049567	1080166250
1683615210	34474909	1169127117	3877291270
927761645	187298924	4196065527	841802771
225970064	4233523053	3596368037	898300705
2205965651	4235840397	39126235	3069500505
3069707122	497291393	341811845	3412672175
1767802633	2463290510	3685767833	1961888476
839700373	2838022958	3848286202	2629809591
55354144	2496404725	2699763615	3384803208
2595618648	2738837675	1848612043	2241079602
1888807810	2844069654	3901793759	4166038794
4252443020	1033906014	2297432968	1683190038
2458608280	1091920390	2486444376	2172346994
1709164929	4226453527	2919308428	580444178
1865003732	3509906553	897345213	1832913085
2095343905	125858063	4039055762	143107230
3728566870	3370778781	859692881	1212456101
4256770640	1056078660	3613805705	4218786509
821896515	3028222648	3863983677	1579281873
380085795	20867991	1248054640	2640685146
727912882	130956340	2971017960	845248266
3619604076	1722934621	2807005455	785026494
3353102307	87943404	24254125	2478098944
153244521	3017009115	284315404	2099928718
327212900	2234852852	505166273	970233073
3582529623	894642402	2575638688	3180517476
1473144805	4225181223	1176873960	2811457700
617971118	787205225	1902627574	894055505
742527282	2979527830	1073191605	289756535
932394909	1215239654	768852206	2761077767
2918043626	3397175276	3909371067	2028183418
3936828555	3136320079	2524040707	882195821
1930437377	2396387232	1115217812	2702883777
704119814	270205187	3106692202	4067412444
3600934675	3517353718	3552078762	3067359956
2014767025	2785346181	3253381850	762763299
1566426365	1987936271	1065683844	1464383583
3816823365	404283406	4141008413	2800020337
2990088327	3088544196	3537133133	978280339
992301416	3327291522	13727133	1939460777
2047346427	3334509732	2179111481	2139166907
2123451624	2255583410	2783262591	1341350770
386827242	1635518626	1801028614	256303173
585539757	1277899980	762092594	2017959797
946807747	309117240	932927794	683797862
90792229	1110429935	328808097	2343237985
2545891867	3944775055	2599709510	486993890
539179159	3698064682	3142690812	3494110731
2752913363	3878620710	2978213594	725483362
3076001376	157111323	2915767471	3783329592
1757020292	4238123366	541263329	2908361454
1778627921	308272734	3608718012	2085746754
2730934977	2758993133	2293968520	1065118751
2670569173	1476916019	1145977631	983815986
972748754	2619781577	3953322718	1800769004
2771771194	820086490	2045504480	4141093248
3221113486	1577997715	1347006751	3184158952
1176544069	429726564	1701136768	1807593933
1794159966	1212418525	2599709433	3380629925
1242772457	3445951006	1772024312	1040827020
3057144632	1706104025	2950226851	2645653347
768851684	3626407153	2761184460	3645790409
220910676	1793185056	1561551528	1285864944
462659112	4086532482	3863436467	1314964949
2770353970	4016646510	3956814431	2251666060
849006399	280769889	825382279	3038383975
3535666	1838327873	2227076203	3615606711
2453020272	4028646769	2595658408	2084683328
1810693841	1914613805	926199701	781895028
2112028373	4013209366	2374935172	635883065
2192721741	2122956631	3056663528	3508312126
2348139054	1348855997	290320377	2421803219
1034172180	24463515	1161085824	3182904411
3517151737	1236627608	1621877798	1604330797
3323459453	749347870	2070694042	1393839706
3243160687	2489832028	619392823	2499212603
2247084556	1639102547	1423095225	1288698482
1005109160	3706526577	2913082954	705489189
1628511059	3654528572	4221559110	2544152609
2792755165	2057627850	3199513378	4070813330
925201152	949288956	3398922565	670586079
2197064552	996005240	4170173254	2024540553
1593721673	2569191980	843220844	693722088
2050953387	3872286442	548403388	3772217225
331575981	1957777229	1759185946	3671880250
2180297673	3863790943	320734246	3542591966
1889301100	766032503	1367919111	3487696220
3794060410	3390566879	4197939936	2678957501
2306184661	2402178048	3613664547	895964297
2575130873	3489770087	1803776361	1095403616
2013609561	1746032716	2123738956	1628826230
539005041	2870413514	392278980	2066802299
2960420057	3839420374	102468482	2665771708
469721912	2076232581	1211756457	3506608418
3371679644	3856626536	3961303420	1428666604
3132790778	4000591189	2670450063	1027114334
3849435477	2669097094	1942944986	543990385
2349831722	777198835	1393983686	2841500808
2744442971	3679133054	4245778050	3810410898
2798264500	3662246256	281277028	61500590
56533428	2621965511	117154896	3217636804
2608162965	770206140	2477953869	2012402465
4169954881	693478057	87592788	3048570675
1706358492	1388778298	2695644862	3169470461
103127831	1709023220	1093615727	2953906572
3028215851	2125515	4180660183	2298161548
2534496608	232909330	351763816	4203722412
749081336	1693913191	1434907618	3192680090
1349722416	1110993798	4210166394	2937731908
2231880795	3514534390	3778641672	3488267395
2140887756	800393036	2134324898	3450554172
1043809698	1366658153	2327348	2457395949
542575843	1804847182	1227734235	1506579748
2101038534	1259904936	4205575467	2803014990
515959895	1495200725	3642306636	2547576981
1063724179	2321309345	3218267035	2195511307
145768263	4291328182	2992852508	1637632778
3320975048	806288405	4051704695	2140079821
3221533124	2480883235	996316745	666268762
1856658371	3396581197	264523126	988369556
1229413372	3906095502	2735765678	455773795
2562885191	2540060042	2449346096	2192564331
1634739063	494774746	547369876	447207111
4271673084	3651471044	3076755271	3987145601
4269752445	4234721972	3298928948	2887310418
168727404	2645601682	2172211503	3523652666
1102867118	1612154358	3007728713	2290015438
4290641097	527324414	2718098866	2262480783
3265229908	1265484321	3208539414	1090427877
1853818464	3761390645	1153842739	387999426
1086120539	62965879	1755376526	1727134998
1850958924	2682444515	1251183351	2261818782
4228117047	2839007005	3529642410	3382476824
2110744211	977168592	2112039263	3047389297
3112219311	279805268	1725907257	4052751104
3156347596	1836906654	1153908567	1307135806
3366051430	350054573	1047926720	3968040497
1425670276	1965793921	1723856942	1466625287
178638572	1318878274	3236972880	2870041674
4247619196	3008310171	2597565450	368361038
3176285080	1376417519	58087684	1237722807
960443769	381838154	3623395201	1252973018
3368241031	684601410	1323701299	4105363574
1221112664	4227465867	2678297648	3585676971
1088263182	622190715	401042828	974890225
74439984	1686482979	2390199319	2617678036
3799633087	308869361	1843414106	1443764966
1326410594	1790143227	4252299942	419940900
2038983493	264112911	1901103359	3909896688
1159742203	4013872885	2886623794	2706859202
3986953972	1181166217	551801297	806662175
2618420101	2988876981	1533236264	3964033222
3417292772	1931357166	515282940	806187123
3047500794	709501843	3802185697	2363606161
143253605	924238273	1344968144	1624439017
4199756950	2427552183	2076542170	3138324304
4232500225	1060873722	4117360763	2957011893
4210485630	3549322989	1352776255	772764417
751779535	984707284	2639382719	3293674570
1730666870	3413372994	517811233	3836712472
3665169295	274719496	228613208	446310012
3833068028	3493156197	442981818	1094272396
1770945041	3906396237	2361876249	3142969923
4184532339	2855965407	3668550265	2446671422
1363943985	1762249292	34220331	3592589862
1290736577	2063046866	975235734	2906680726
3371472070	1698995101	1483287126	2454246006
1836049319	3766465511	72013279	1751034154
1300685693	977993996	1353407183	4059667537
3789869635	448073871	1012466333	885776109
1826321554	3214693844	2358147834	266715160
1499740336	3068969302	2378995377	1091725126
526921340	2689272811	145160749	2719305328
2209762356	2769504049	962539805	1419929609
3543583108	4167850815	582487929	3835616136
2390214257	2216750981	2664556486	205849399
937284100	403958803	3378412499	2323266228
3180743511	1352136276	4058735491	638338188
3310241166	2406107701	2731433069	1763453711
1370764613	2297774040	2010037820	791044681
2045275139	4005472027	3551686675	2291968300
3697245749	617488168	833199220	1731634101
931224842	1637285557	1187550936	3266440529
3985192039	1842823088	1888178125	947188218
3787053541	10550692	2202320893	1210857117
1613324438	1153014792	446064403	637754108
2432726844	1958111081	3436392121	3891279655
44696061	2548403165	2991565327	1932897926
2220151827	512546111	2975653513	1627881427
1414011177	2117036358	3371890338	2734753357
4277433918	3425816406	322662826	3152570113
201315723	2562733184	2986929660	2459903027
4061038391	1299928319	2651227791	2183161349
637045505	4153939358	4197542196	2442077983
1599103895	2652418035	624785713	340529323
1666922026	1979469820	3488193361	1497373071
1416222196	817831976	1038159948	2313215819
1952219351	306849323	4022836433	3567820187
2442224213	3210643862	596265671	896617924
3844163805	570503606	3015986759	2059556598
43336761	3546176262	33907311	1583004585
2281100301	2036831182	1658843132	3484672779
3118475587	1531712603	3192960343	1276730194
3053870396	1645206590	3149224731	3507795469
2821210589	2945002576	2996505321	3451846024
3476840810	1330879941	1240086306	1612036926
4014367082	3211232809	774359068	60169233
325647710	66081922	2979242098	939124645
3123480373	1745047428	3097904778	1878735634
4199385574	711072220	3224041258	1065245191
2173205492	1344805967	2028106272	1888199122
1920776307	945851944	862820086	732429066
4092836375	2408723431	2370921909	3547940958
2622464162	3739463344	3845655033	2313828850
2349147300	1230923990	818664711	3085469630
461817169	43232751	1563638473	1766990404
3149886938	3264189335	2879892884	44566104
370509562	4006789139	3086063090	344733673
559170597	4170842316	2427952820	468746096
1100701797	1019538342	2879952198	425360518
1052151629	3159193762	3303111231	1006588307
2190785820	390309945	3759160607	1909238523
2073130972	2338688003	2037653817	2747301445
1609459460	2241605610	2133302860	2337921573
1020473523	3330594883	910976903	2913016833
2356784134	4042700550	1256758184	3930372247
2749301121	3022696977	3546080143	2276856417
151795853	4164717400	3438252891	3094283430
2252513781	2126478997	3766997153	3361473112
3176340417	2648908793	2245355192	4142891096
3277010529	2587844724	3161928513	2076832372
2920157424	776730561	2520179391	203230634
2144233118	3599171753	4068008563	3717826838
985054765	630636022	663780538	3579738433
1810630411	3678215055	1109786411	3294269219
3557026671	3458488572	2885966423	947072306
148847496	269861067	38814879	1188824977
3399686634	3519307656	3737511600	11277500
2873088531	3772306096	829566054	3145364237
1847593264	3069623619	2810393516	3080713359
1599872315	58025667	2577433873	2339671841
2433369968	2963734541	1300612242	3504278489
76874153	2920458328	2672299415	169155778
4159905273	622858329	1991133806	2727711536
1790627973	3013609302	217639248	1845518908
2636075843	4014322572	2567146116	2028921354
2183374050	1040276345	3279970424	1691343599
735042129	2209095937	807745982	254043820
152308991	3990349886	2756126993	2291012714
1147895296	653511562	2107162336	3850065142
3293247818	1246116022	3919661084	3781985215
2680574132	2628627818	1693731590	3818472277
409034611	3466386595	4037472092	463467553
1774717335	2729598177	2851926145	3452031977
1394648778	1751999113	3062500337	3570961646
282772152	3590496574	505816517	156411591
2084104885	3419793608	1690944326	675590736
3552173045	3952574090	3356619492	3107564509
4050225798	1167117290	3612081847	2234095724
914129929	4131637354	2163570119	3725915554
1490639081	944925031	516041556	963231265
1021902411	2021798709	2426978878	2128434971
2445885290	1137571846	1777152064	3978337140
2990116329	2778673575	1645785886	83693948
375786880	2182985485	152326117	2042674921
657604850	2707242041	2926958153	1553344704
302419836	1178521208	2984578013	4109669958
349091188	2165861259	3775357442	3872003437
1459457239	4079659564	2886865307	2224807237
230146025	3479854712	2376604798	1294772203
2784412024	2140588960	1674889613	2352017600
769054169	760779442	2250859368	1344648825
2864076541	3659017142	1062074550	3312263631
2914474205	2655417017	1852651994	650793780
70793615	2068018057	3395583395	38371068
1138806358	2033377951	504022595	2396563665
1182434414	1401943713	1740193762	2131879317
15243162	2575700130	3392146454	1262340380
44934731	949553497	2567375526	4275936527
1587563398	2770938807	3195627791	3026012062
429465949	3567150657	3215885930	803736438
3906895111	2136237928	3726064525	145288699
677885775	829106991	3900324433	343559590
331826675	1793615991	2452241885	4245537566
1596088361	873684644	703341398	373983996
3757952521	3855604620	3306955935	3413311454
4004865755	3268864397	1246906853	193465172
1069011597	746033735	1697961586	724272880
31118584	3324673296	1935361152	1404320071
419813222	4164109911	3226068537	3394700421
3879452508	2494983317	1735986053	2511026424
1156721287	3363485474	2688457618	2889468409
2521293234	2034514762	566629419	757847381
4177191446	3465497922	3145007849	3289472707
3439507373	3030650554	3753996634	1297914793
1775846322	1827166445	4018043127	3938210051
1754275455	538686787	1332799768	3513782764
3191459383	3580354662	1254602635	3736295211
64598418	4207979360	1965625456	4076788232
750068476	3062425536	3754549588	2684673729
3016365643	3819136411	2279288860	3825871292
3650924691	1948718712	1152234384	712921249
4293214283	2704379692	1052002136	1743302294
2031991961	3771402447	1819026852	1792449085
49201201	738019160	2073403308	4129655026
383291958	193982739	3446083855	2311203466
2891160609	2004365312	1405075987	3692795574
1107539250	3790931632	113526157	1269368414
1242632387	1679987017	669196928	1906528909
3275612099	2218194745	3489081876	27638977
4150433554	3076823643	3705994597	2710106462
3948924744	3344303677	2599966897	2547588608
3314084778	2049140305	330320853	1870745587
2282061217	2860016586	1740307187	3039006997
277639742	2560890249	284638731	1448657894
554104512	881482527	1061566740	2208743520
54009241	590703600	2973613386	1169727098
1275173513	3134826484	38867092	4101538484
3458115549	285854891	3320006681	4162344733
2495394544	3408200685	3226144743	1304491705
3953309791	1821368406	3951379006	3424016521
3467725620	2280403104	2193029069	2039206872
4041559312	554404732	3650290845	892208723
1607459141	3269770927	3609625252	3333871343
2291752427	3751132768	1709253049	237030930
4237977774	1416785904	1720118881	570637424
2322906267	1434002321	4061298544	169290428
1611977496	3463955388	401934731	1124509433
1137050572	914241191	353487557	1184784318
3708348009	2130668688	2971558211	3355431877
3775186422	3359529534	2817533452	4158003301
3028419975	905736783	3517730599	2056391084
1646483668	994563416	1385528645	3137001176
1457238372	175350310	3936216503	2454772148
3842329069	2180223594	1033939036	2153306749
2796797720	1755656225	2207048959	1952772984
1609720174	2920478287	577319739	1517403150
2573082219	2436785245	934007891	2893216550
824028946	36446528	3121446361	2419872615
1449737435	2321204497	1164203718	2300756544
2159566207	4151266392	3906530341	190774550
2070735108	1914052261	1165536032	535675885
489061007	3739245626	4003335294	385990230
3141620935	3746466254	4015601824	4185243843
1380294261	1518161129	1694558373	407955197
2594405768	1638234652	1694877973	1897765232
1270784002	3298554283	1497939301	1573118344
3164191285	545626341	1091854000	3852788815
1343617181	59622703	3008673364	4057500464
1998166219	3396708998	4036516470	2761670392
1314146239	3782261191	273491122	3030757283
2416870766	2845080445	3998105351	2920892281
2126162224	1838899629	1369138761	3909071890
3158688053	2154357466	3542321940	4086197678
1394760345	2833128958	197654338	135999747
450634745	2424827483	2688372877	1638060956
1687443730	3945308691	324694004	502942182
1057099602	3942172785	3088298467	447144935
2918257039	2056253683	1103408339	484016376
395462205	179867638	700584643	88072456
3625902664	3993130612	1723636785	3356238765
1407071787	2961972985	660193409	3647382957
1294813449	2384209940	2531631384	4080539110
2478651201	3709196203	514788867	2357381798
446803053	579265905	78183412	2614758342
154200122	4097911511	1531667386	4082121643
3359242936	1018345319	684469551	199282908
1533662628	3828498596	1271442460	3081150760
3905376909	1118616730	3365319212	1145120381
2333380390	3714571766	2600461240	2021549725
1762588197	2659967790	2317847285	2930603254
1424981621	1101087783	2227582141	3443516423
3101560144	2594631602	1683296115	539910255
2695966288	3547543400	124476599	92756132
1576531916	3912888388	3391208506	2242858801
190786253	1664501039	4178116542	2265848185
499890964	1651947080	2388219144	3245951319
1458733882	3942054097	1594362514	2213685553
1396044402	4224364184	4086066624	3144990385
1252911159	3883115542	359871861	4089409849
2017126717	2749287302	509100604	1176464031
357412716	2195670248	3988306173	687844480
2752529939	3295237968	629109816	1238877416
98514391	4070191069	3833456726	4187441227
2085256476	4121571803	1184913475	560421777
3583587426	1548579958	3766879391	1895846554
517149034	3141226650	414495912	2892644727
118199435	1302315067	1314899022	3950377329
875264389	4262016570	773802961	2346200556
1955262536	731357026	4244058414	3235816652
3996616324	1985339580	4066308361	4157128828
1600326529	3527534381	837184652	351752572
2652959426	349400836	2941278208	3453106904
589323893	486134521	146680442	2941947108
2983317779	2396806658	1521469096	840060305
1432518185	3023725824	2839589235	1622921752
402485398	352061557	1329402949	3380555740
1113867419	3060155647	3523859796	943639362
1902945210	2568448167	533810704	3077159637
1046236462	1199254424	4216744284	1132589562
2757167429	1808917717	2563059355	1666565844
2350867333	2373408256	3397328191	825427031
3759904260	3403914341	1244436892	2582303307
729675390	606315004	1782737587	3275246987
2031091338	933144084	3277755370	2894002635
1436580155	1456825157	3625587280	3648995936
353464396	3194980407	2400236862	2040835507
2478195885	3940493346	1770737712	3357651230
1283642762	3767212617	220487343	978943648
1458944259	2034611935	425247585	2041795198
3854636364	4264986702	1318013171	2433393271
1991139714	4127948153	3367834219	1108301196
3260933821	2891108278	1874580581	1067664560
1902024944	715311310	1213957487	1949094985
2408348692	65859169	660675779	3829366866
4224518722	3146232524	798003559	3518662552
1333040768	545482020	3480912568	1408982745
1932147719	2362191628	1461745584	2894297089
1466010315	1284976132	663568775	261642089
2387944966	241859853	322323394	1200894339
2793293064	2451017861	1664912339	3035187776
338563780	2958071455	3506115805	1507471094
3644886588	2320799057	3527930753	3009582524
3555788075	1681990462	2697838359	3136628432
4021584952	2882700226	592999964	327405050
1735860380	2829300217	3048875851	4240275422
3765855296	4186298161	2530610983	3317209772
3133491129	1809058345	2694672520	1952903153
2490112327	2428292540	2742405311	1044203079
1079307836	97239927	3133046785	799362677
1490518538	4115562627	2499679921	3871501113
957726382	868001001	1814035510	465540040
2061425357	891171075	582375205	3940916728
1457949518	3196399087	807074424	1864271306
676140404	1524287735	265584477	550407106
85691204	3539642125	4082948561	4262462855
3661205385	2013448092	1682957047	2192537688
1017253981	2266243487	396684428	43469125
3065803298	191118082	2533218469	2293702999
1488258100	1649951031	3834226033	427794054
581396182	2948839481	3267897159	4236887578
3276190364	847161006	1811239747	3211092328
2237786117	3720814705	3220621150	2367272836
1133481098	1759223532	2855509112	2179971864
1403108315	2974681953	3575606439	3860676162
455246368	4225265619	2861033836	3164204180
2645355929	762020291	401827402	2138927967
1428257457	684133324	4217005355	4019722980
3854065903	3030545885	4167894336	3777907796
1630314706	2258372182	2057542448	3723808762
596473804	1209763357	1584248635	3779040573
751872927	2167167742	595397241	2190258512
1735980653	2112504301	1779062354	1837815260
3136758280	2756901198	4276083692	1734548705
2171167053	287837020	4077695833	1644564280
3564931006	166619817	4171998285	3984121349
486648543	3713262075	3886071867	3071002313
1282475227	3052354239	3132942031	282965593
874466630	1259206066	1656062075	2932159288
3764087368	530894795	3547237870	3814336317
3088690005	3563337938	3939565854	63182920
1123255095	3491973791	2401214966	1591794856
356403654	867051504	3874802830	2698933264
1206569155	36941596	1327660718	1444648824
916739458	4045305296	2417457985	2255672291
3290124313	1002311446	2211694838	1455530295
332649400	3459141676	2208137683	213582267
3011577009	60918180	623310104	3019588555
1043159404	2094248078	3953828336	1415566294
244099489	4138714682	2753244795	3884364288
2399066949	3981401175	3834601913	3067733585
3099570814	3378928522	2010664577	4055339168
1497531852	2138400818	483613311	343747493
3427696653	988578216	2214966962	806093215
756925457	42933519	874866658	1452005035
392401264	2979533610	3403859497	3010541258
3955509317	3915081636	266429576	1011226643
3546810912	3717288682	2303257441	936348465
2418854501	3106436356	1458918652	2049200727
2826043082	3442834275	179720652	1275515616
792769307	993007446	1737559121	630482105
3327950019	1333695290	1298422202	328503014
2077020706	1948706550	425980767	2080284310
1374332843	3013351673	3942042277	3914683214
445425677	3729042167	2680732620	1916427212
4267582316	3965132681	2833649348	4235451446
1542875511	4042867154	2445811035	3762097177
2761177070	370305080	3024258647	1750924079
2292329980	1474529235	2752069319	76005390
2583155393	4178644503	632003589	565128990
981868126	3124608061	817527614	4030044623
2438444320	1309226597	1344701538	2807054028
3956745423	1675151728	2169401327	4103065394
3054196265	432500128	1424035044	1424970232
2649763359	1029024295	3741766153	2560394348
508726719	3582751575	3791859145	2382834146
987714802	2514211333	558897704	2817416562
3120670315	4087918977	4086284443	2323226124
2509688813	908115176	66549875	2131270792
753289847	2113152608	876803269	3465660450
365159574	1547694597	3731320509	271849521
992674987	3302389171	3585313305	2724933793
1168043825	26270289	3791151032	624171018
4022947583	3419705521	1506951465	2882188357
4046143538	1505060307	2998935375	3746855504
3160263663	2531439741	2350327669	2557810344
3700496683	3058218894	1536555291	1865719531
3169647200	3627348175	785792292	217064217
1578646601	415697905	2407433002	696247841
1968161328	2066510492	3482318310	309709584
1203993257	61429021	2998116365	1961731429
1203993257	61429021	2998116365	1961731429
1203993257	61429021	2998116365	1961731429
1203993257	61429021	2998116365	1961731429
1203993257	61429021	2998116365	1961731429
1203993257	61429021	2998116365	1961731429
1203993257	61429021	2998116365	1961731429
1203993257	61429021	2998116365	1961731429
1203993257	61429021	2998116365	1961731429
1203993257	61429021	2998116365	1961731429
1203993257	61429021	2998116365	1961731429
1203993257	61429021	2998116365	1961731429
1203993257	61429021	2998116365	1961731429
1203993257	61429021	2998116365	1961731429
1203993257	61429021	2998116365	1961731429
1203993257	61429021	2998116365	1961731429
1203993257	61429021	2998116365	1961731429
1203993257	61429021	2998116365	1961731429
1203993257	61429021	2998116365	1961731429
1203993257	61429021	2998116365	1961731429
1203993257	61429021	2998116365	1961731429
1203993257	61429021	2998116365	1961731429
1203993257	61429021	2998116365	1961731429
1203993257	61429021	2998116365	1961731429
1203993257	61429021	2998116365	1961731429
1203993257	61429021	2998116365	1961731429
1203993257	61429021	2998116365	1961731429
1203993257	61429021	2998116365	1961731429
1203993257	61429021	2998116365	1961731429
1203993257	61429021	2998116365	1961731429
1203993257	61429021	2998116365	1961731429
1203993257	61429021	2998116365	1961731429
1203993257	61429021	2998116365	1961731429
1203993257	61429021	2998116365	1961731429
1203993257	61429021	2998116365	1961731429
1203993257	61429021	2998116365	1961731429
1203993257	61429021	2998116365	1961731429
1203993257	61429021	2998116365	1961731429
1203993257	61429021	2998116365	1961731429
1203993257	61429021	2998116365	1961731429
1203993257	61429021	2998116365	1961731429
1203993257	61429021	2998116365	1961731429
1203993257	61429021	2998116365	1961731429
1203993257	61429021	2998116365	1961731429
1203993257	61429021	2998116365	1961731429
1203993257	61429021	2998116365	1961731429
1203993257	61429021	2998116365	1961731429
1203993257	61429021	2998116365	1961731429
1203993257	61429021	2998116365	1961731429
1203993257	61429021	2998116365	1961731429
1203993257	61429021	2998116365	1961731429
1203993257	61429021	2998116365	1961731429
1203993257	61429021	2998116365	1961731429
1203993257	61429021	2998116365	1961731429
1203993257	61429021	2998116365	1961731429
1203993257	61429021	2998116365	1961731429
1203993257	61429021	2998116365	1961731429
1203993257	61429021	2998116365	1961731429
1203993257	61429021	2998116365	1961731429
1203993257	61429021	2998116365	1961731429
1203993257	61429021	2998116365	1961731429
1203993257	61429021	2998116365	1961731429
1203993257	61429021	2998116365	1961731429
1203993257	61429021	2998116365	1961731429
1203993257	61429021	2998116365	1961731429
1203993257	61429021	2998116365	1961731429
1203993257	61429021	2998116365	1961731429
1203993257	61429021	2998116365	1961731429
1203993257	61429021	2998116365	1961731429
1203993257	61429021	2998116365	1961731429
1203993257	61429021	2998116365	1961731429
1203993257	61429021	2998116365	1961731429
1203993257	61429021	2998116365	1961731429
1203993257	61429021	2998116365	1961731429
1203993257	61429021	2998116365	1961731429
1203993257	61429021	2998116365	1961731429
1203993257	61429021	2998116365	1961731429
1203993257	61429021	2998116365	1961731429
1203993257	61429021	2998116365	1961731429
1203993257	61429021	2998116365	1961731429
1203993257	61429021	2998116365	1961731429
1203993257	61429021	2998116365	1961731429
1203993257	61429021	2998116365	1961731429
1203993257	61429021	2998116365	1961731429
1203993257	61429021	2998116365	1961731429
1203993257	61429021	2998116365	1961731429
1203993257	61429021	2998116365	1961731429
1203993257	61429021	2998116365	1961731429
1203993257	61429021	2998116365	1961731429
1203993257	61429021	2998116365	1961731429
1203993257	61429021	2998116365	1961731429
1203993257	61429021	2998116365	1961731429
1203993257	61429021	2998116365	1961731429
1203993257	61429021	2998116365	1961731429
1203993257	61429021	2998116365	1961731429
1203993257	61429021	2998116365	1961731429
1203993257	61429021	2998116365	1961731429
1203993257	61429021	2998116365	1961731429
1203993257	61429021	2998116365	1961731429
1203993257	61429021	2998116365	1961731429
1203993257	61429021	2998116365	1961731429
1203993257	61429021	2998116365	1961731429
1203993257	61429021	2998116365	1961731429
1203993257	61429021	2998116365	1961731429
1203993257	61429021	2998116365	1961731429
1203993257	61429021	2998116365	1961731429
1203993257	61429021	2998116365	1961731429
1203993257	61429021	2998116365	1961731429
1203993257	61429021	2998116365	1961731429
1203993257	61429021	2998116365	1961731429
1203993257	61429021	2998116365	1961731429
1203993257	61429021	2998116365	1961731429
1203993257	61429021	2998116365	1961731429
1203993257	61429021	2998116365	1961731429
1203993257	61429021	2998116365	1961731429
1203993257	61429021	2998116365	1961731429
1203993257	61429021	2998116365	1961731429
1203993257	61429021	2998116365	1961731429
1203993257	61429021	2998116365	1961731429
1203993257	61429021	2998116365	1961731429
1203993257	61429021	2998116365	1961731429
1203993257	61429021	2998116365	1961731429
1203993257	61429021	2998116365	1961731429
1203993257	61429021	2998116365	1961731429
1203993257	61429021	2998116365	1961731429
1203993257	61429021	2998116365	1961731429
1203993257	61429021	2998116365	1961731429
1203993257	61429021	2998116365	1961731429
1203993257	61429021	2998116365	1961731429
1203993257	61429021	2998116365	1961731429
1203993257	61429021	2998116365	1961731429
1203993257	61429021	2998116365	1961731429
1203993257	61429021	2998116365	1961731429
1203993257	61429021	2998116365	1961731429
1203993257	61429021	2998116365	1961731429
1203993257	61429021	2998116365	1961731429
1203993257	61429021	2998116365	1961731429
1203993257	61429021	2998116365	1961731429
1203993257	61429021	2998116365	1961731429
1203993257	61429021	2998116365	1961731429
1203993257	61429021	2998116365	1961731429
1203993257	61429021	2998116365	1961731429
1203993257	61429021	2998116365	1961731429
1203993257	61429021	2998116365	1961731429
1203993257	61429021	2998116365	1961731429
1203993257	61429021	2998116365	1961731429
1203993257	61429021	2998116365	1961731429
1203993257	61429021	2998116365	1961731429
1203993257	61429021	2998116365	1961731429
1203993257	61429021	2998116365	1961731429
1203993257	61429021	2998116365	1961731429
1203993257	61429021	2998116365	1961731429
1203993257	61429021	2998116365	1961731429
1203993257	61429021	2998116365	1961731429
1203993257	61429021	2998116365	1961731429
1203993257	61429021	2998116365	1961731429
1203993257	61429021	2998116365	1961731429
1203993257	61429021	2998116365	1961731429
1203993257	61429021	2998116365	1961731429
1203993257	61429021	2998116365	1961731429
1203993257	61429021	2998116365	1961731429
1203993257	61429021	2998116365	1961731429
1203993257	61429021	2998116365	1961731429
1203993257	61429021	2998116365	1961731429
1203993257	61429021	2998116365	1961731429
1203993257	61429021	2998116365	1961731429
1203993257	61429021	2998116365	1961731429
1203993257	61429021	2998116365	1961731429
1203993257	61429021	2998116365	1961731429
1203993257	61429021	2998116365	1961731429
1203993257	61429021	2998116365	1961731429
1203993257	61429021	2998116365	1961731429
1203993257	61429021	2998116365	1961731429
1203993257	61429021	2998116365	1961731429
1203993257	61429021	2998116365	1961731429
1203993257	61429021	2998116365	1961731429
1203993257	61429021	2998116365	1961731429
1203993257	61429021	2998116365	1961731429
1203993257	61429021	2998116365	1961731429
1203993257	61429021	2998116365	1961731429
1203993257	61429021	2998116365	1961731429
1203993257	61429021	2998116365	1961731429
1203993257	61429021	2998116365	1961731429
1203993257	61429021	2998116365	1961731429
1203993257	61429021	2998116365	1961731429
1203993257	61429021	2998116365	1961731429
1203993257	61429021	2998116365	1961731429
1203993257	61429021	2998116365	1961731429
1203993257	61429021	2998116365	1961731429
1203993257	61429021	2998116365	1961731429
1203993257	61429021	2998116365	1961731429
1203993257	61429021	2998116365	1961731429
1203993257	61429021	2998116365	1961731429
1203993257	61429021	2998116365	1961731429
1203993257	61429021	2998116365	1961731429
1203993257	61429021	2998116365	1961731429
1203993257	61429021	2998116365	1961731429
1203993257	61429021	2998116365	1961731429
1203993257	61429021	2998116365	1961731429
1203993257	61429021	2998116365	1961731429
1203993257	61429021	2998116365	1961731429
1203993257	61429021	2998116365	1961731429
1203993257	61429021	2998116365	1961731429
1203993257	61429021	2998116365	1961731429
1203993257	61429021	2998116365	1961731429
1203993257	61429021	2998116365	1961731429
1203993257	61429021	2998116365	1961731429
1203993257	61429021	2998116365	1961731429
1203993257	61429021	2998116365	1961731429
1203993257	61429021	2998116365	1961731429
1203993257	61429021	2998116365	1961731429
1203993257	61429021	2998116365	1961731429
1203993257	61429021	2998116365	1961731429
1203993257	61429021	2998116365	1961731429
1203993257	61429021	2998116365	1961731429
1203993257	61429021	2998116365	1961731429
1203993257	61429021	2998116365	1961731429
1203993257	61429021	2998116365	1961731429
1203993257	61429021	2998116365	1961731429
1203993257	61429021	2998116365	1961731429
1203993257	61429021	2998116365	1961731429
1203993257	61429021	2998116365	1961731429
1203993257	61429021	2998116365	1961731429
1203993257	61429021	2998116365	1961731429
1203993257	61429021	2998116365	1961731429
1203993257	61429021	2998116365	1961731429
1203993257	61429021	2998116365	1961731429
1203993257	61429021	2998116365	1961731429
1203993257	61429021	2998116365	1961731429
1203993257	61429021	2998116365	1961731429
1203993257	61429021	2998116365	1961731429
1203993257	61429021	2998116365	1961731429
1203993257	61429021	2998116365	1961731429
1203993257	61429021	2998116365	1961731429
1203993257	61429021	2998116365	1961731429
1203993257	61429021	2998116365	1961731429
1203993257	61429021	2998116365	1961731429
1203993257	61429021	2998116365	1961731429
1203993257	61429021	2998116365	1961731429
1203993257	61429021	2998116365	1961731429
1203993257	61429021	2998116365	1961731429
1203993257	61429021	2998116365	1961731429
1203993257	61429021	2998116365	1961731429
1203993257	61429021	2998116365	1961731429
1203993257	61429021	2998116365	1961731429
1203993257	61429021	2998116365	1961731429
1203993257	61429021	2998116365	1961731429
1203993257	61429021	2998116365	1961731429
1203993257	61429021	2998116365	1961731429
1203993257	61429021	2998116365	1961731429
1203993257	61429021	2998116365	1961731429
0.440000	-0.040050
