146007.161200
0.250000	0.003205	1.791283
184619.422800
0.300000	0.004254	2.090279
230604.876400
0.350000	0.006071	2.161922
289998.999200
0.400000	0.012127	1.672974
304961.062800
0.410000	0.016633	2.020493
321564.367600
0.420000	0.024216	2.460754
340989.623600
0.430000	0.040049	3.493691
353032.477600
0.435000	0.131587	4.387963
368072.553600
0.440000	0.380415	7.578457
385366.876000
0.445000	0.688768	5.686908
396800.936400
0.450000	0.750131	5.503435
414650.670800
0.460000	0.815134	4.919419
428484.542000
0.470000	0.852046	4.244522
439878.399200
0.480000	0.877660	3.519489
449439.148000
0.490000	0.896611	3.025109
457617.114000
0.500000	0.911355	2.642920
470854.090000
0.520000	0.932953	2.179658
481039.842800
0.540000	0.948039	1.448857
489028.193600
0.560000	0.959022	0.991640
495371.711200
0.580000	0.967270	0.717186
514793.001600
0.700000	0.990162	0.190009
