0		0
0.44		0
0.440690        0.278582
0.440695        0.313305
0.440700        0.332502
0.440705        0.346117
0.440710        0.356774
0.440715        0.365582
0.440720        0.373114
0.440725        0.379712
0.440730        0.385593
0.440735        0.390906
0.440740        0.395756
0.440745        0.400223
0.440750        0.404365
0.440755        0.408230
0.440760        0.411855
0.440765        0.415268
0.440770        0.418496
0.440775        0.421558
0.440780        0.424472
0.440785        0.427252
0.440790        0.429911
0.440795        0.432459
0.440800        0.434906
0.440805        0.437260
0.440810        0.439529
0.440815        0.441718
0.440820        0.443834
0.440825        0.445881
0.440830        0.447864
0.440835        0.449788
0.440840        0.451656
0.440845        0.453470
0.440850        0.455236
0.440855        0.456954
0.440860        0.458629
0.440865        0.460261
0.440870        0.461854
0.440875        0.463410
0.440880        0.464929
0.440885        0.466414
0.440890        0.467867
0.440895        0.469289
0.440900        0.470681
0.440905        0.472045
0.440910        0.473382
0.440915        0.474693
0.440920        0.475979
0.440925        0.477241
0.440930        0.478480
0.440935        0.479696
0.440940        0.480892
0.440945        0.482067
0.440950        0.483222
0.440955        0.484358
0.440960        0.485476
0.440965        0.486576
0.440970        0.487658
0.440975        0.488724
0.440980        0.489774
0.440985        0.490809
0.440990        0.491828
0.440995        0.492833
0.441000	0.493823
0.441500	0.556154
0.442000	0.590255
0.442500	0.614302
0.443000	0.633040
0.443500	0.648460
0.444000	0.661597
0.444500	0.673058
0.445000	0.683236
0.445500	0.692397
0.446000	0.700730
0.446500	0.708375
0.447000	0.715440
0.447500	0.722008
0.448000	0.728144
0.448500	0.733904
0.449000	0.739330
0.449500	0.744459
0.450000	0.749323
0.450500	0.753946
0.451000	0.758352
0.451500	0.762560
0.452000	0.766587
0.452500	0.770447
0.453000	0.774154
0.453500	0.777718
0.454000	0.781150
0.454500	0.784460
0.455000	0.787655
0.455500	0.790743
0.456000	0.793730
0.456500	0.796623
0.457000	0.799427
0.457500	0.802147
0.458000	0.804788
0.458500	0.807354
0.459000	0.809848
0.459500	0.812275
0.460000	0.814638
0.460500	0.816940
0.461000	0.819183
0.461500	0.821371
0.462000	0.823506
0.462500	0.825590
0.463000	0.827626
0.463500	0.829615
0.464000	0.831559
0.464500	0.833460
0.465000	0.835320
0.465500	0.837141
0.466000	0.838923
0.466500	0.840669
0.467000	0.842379
0.467500	0.844055
0.468000	0.845698
0.468500	0.847309
0.469000	0.848890
0.469500	0.850441
0.470000	0.851963
0.470500	0.853457
0.471000	0.854924
0.471500	0.856366
0.472000	0.857781
0.472500	0.859173
0.473000	0.860540
0.473500	0.861884
0.474000	0.863206
0.474500	0.864506
0.475000	0.865785
0.475500	0.867043
0.476000	0.868281
0.476500	0.869500
0.477000	0.870699
0.477500	0.871880
0.478000	0.873043
0.478500	0.874188
0.479000	0.875316
0.479500	0.876428
0.480000	0.877523
0.480500	0.878602
0.481000	0.879666
0.481500	0.880714
0.482000	0.881748
0.482500	0.882767
0.483000	0.883772
0.483500	0.884763
0.484000	0.885741
0.484500	0.886705
0.485000	0.887657
0.485500	0.888596
0.486000	0.889522
0.486500	0.890437
0.487000	0.891339
0.487500	0.892230
0.488000	0.893110
0.488500	0.893978
0.489000	0.894835
0.489500	0.895682
0.490000	0.896518
0.490500	0.897344
0.491000	0.898160
0.491500	0.898966
0.492000	0.899763
0.492500	0.900549
0.493000	0.901327
0.493500	0.902095
0.494000	0.902854
0.494500	0.903605
0.495000	0.904347
0.495500	0.905080
0.496000	0.905805
0.496500	0.906521
0.497000	0.907230
0.497500	0.907931
0.498000	0.908623
0.498500	0.909309
0.499000	0.909986
0.499500	0.910656
0.500000	0.911319
0.500500	0.911975
0.501000	0.912624
0.501500	0.913266
0.502000	0.913901
0.502500	0.914529
0.503000	0.915151
0.503500	0.915766
0.504000	0.916374
0.504500	0.916977
0.505000	0.917573
0.505500	0.918163
0.506000	0.918747
0.506500	0.919326
0.507000	0.919898
0.507500	0.920465
0.508000	0.921026
0.508500	0.921581
0.509000	0.922131
0.509500	0.922676
0.510000	0.923215
0.510500	0.923749
0.511000	0.924278
0.511500	0.924801
0.512000	0.925320
0.512500	0.925833
0.513000	0.926342
0.513500	0.926846
0.514000	0.927345
0.514500	0.927840
0.515000	0.928330
0.515500	0.928815
0.516000	0.929296
0.516500	0.929772
0.517000	0.930244
0.517500	0.930712
0.518000	0.931175
0.518500	0.931634
0.519000	0.932089
0.519500	0.932540
0.520000	0.932987
0.520500	0.933430
0.521000	0.933869
0.521500	0.934304
0.522000	0.934735
0.522500	0.935162
0.523000	0.935586
0.523500	0.936006
0.524000	0.936422
0.524500	0.936835
0.525000	0.937244
0.525500	0.937649
0.526000	0.938051
0.526500	0.938450
0.527000	0.938845
0.527500	0.939237
0.528000	0.939626
0.528500	0.940011
0.529000	0.940393
0.529500	0.940772
0.530000	0.941147
0.530500	0.941520
0.531000	0.941889
0.531500	0.942256
0.532000	0.942619
0.532500	0.942980
0.533000	0.943337
0.533500	0.943691
0.534000	0.944043
0.534500	0.944392
0.535000	0.944738
0.535500	0.945081
0.536000	0.945421
0.536500	0.945759
0.537000	0.946094
0.537500	0.946426
0.538000	0.946756
0.538500	0.947083
0.539000	0.947407
0.539500	0.947729
0.540000	0.948049
0.540500	0.948366
0.541000	0.948680
0.541500	0.948992
0.542000	0.949302
0.542500	0.949609
0.543000	0.949913
0.543500	0.950216
0.544000	0.950516
0.544500	0.950814
0.545000	0.951109
0.545500	0.951403
0.546000	0.951694
0.546500	0.951983
0.547000	0.952269
0.547500	0.952554
0.548000	0.952836
0.548500	0.953116
0.549000	0.953395
0.549500	0.953671
0.550000	0.953945
0.550500	0.954217
0.551000	0.954487
0.551500	0.954755
0.552000	0.955021
0.552500	0.955285
0.553000	0.955547
0.553500	0.955807
0.554000	0.956065
0.554500	0.956322
0.555000	0.956576
0.555500	0.956829
0.556000	0.957080
0.556500	0.957329
0.557000	0.957576
0.557500	0.957822
0.558000	0.958066
0.558500	0.958308
0.559000	0.958548
0.559500	0.958787
0.560000	0.959023
0.560500	0.959259
0.561000	0.959492
0.561500	0.959724
0.562000	0.959954
0.562500	0.960183
0.563000	0.960410
0.563500	0.960636
0.564000	0.960859
0.564500	0.961082
0.565000	0.961303
0.565500	0.961522
0.566000	0.961740
0.566500	0.961956
0.567000	0.962171
0.567500	0.962384
0.568000	0.962596
0.568500	0.962806
0.569000	0.963015
0.569500	0.963222
0.570000	0.963429
0.570500	0.963633
0.571000	0.963837
0.571500	0.964038
0.572000	0.964239
0.572500	0.964438
0.573000	0.964636
0.573500	0.964833
0.574000	0.965028
0.574500	0.965222
0.575000	0.965414
0.575500	0.965606
0.576000	0.965796
0.576500	0.965985
0.577000	0.966172
0.577500	0.966358
0.578000	0.966544
0.578500	0.966727
0.579000	0.966910
0.579500	0.967091
0.580000	0.967272
0.580500	0.967451
0.581000	0.967629
0.581500	0.967805
0.582000	0.967981
0.582500	0.968155
0.583000	0.968329
0.583500	0.968501
0.584000	0.968672
0.584500	0.968842
0.585000	0.969011
0.585500	0.969179
0.586000	0.969345
0.586500	0.969511
0.587000	0.969676
0.587500	0.969839
0.588000	0.970002
0.588500	0.970163
0.589000	0.970324
0.589500	0.970483
0.590000	0.970641
0.590500	0.970799
0.591000	0.970955
0.591500	0.971111
0.592000	0.971265
0.592500	0.971418
0.593000	0.971571
0.593500	0.971722
0.594000	0.971873
0.594500	0.972023
0.595000	0.972171
0.595500	0.972319
0.596000	0.972466
0.596500	0.972612
0.597000	0.972757
0.597500	0.972901
0.598000	0.973044
0.598500	0.973187
0.599000	0.973328
0.599500	0.973469
0.600000	0.973609
0.600500	0.973748
0.601000	0.973886
0.601500	0.974023
0.602000	0.974159
0.602500	0.974295
0.603000	0.974429
0.603500	0.974563
0.604000	0.974696
0.604500	0.974829
0.605000	0.974960
0.605500	0.975091
0.606000	0.975220
0.606500	0.975350
0.607000	0.975478
0.607500	0.975605
0.608000	0.975732
0.608500	0.975858
0.609000	0.975983
0.609500	0.976108
0.610000	0.976232
0.610500	0.976355
0.611000	0.976477
0.611500	0.976598
0.612000	0.976719
0.612500	0.976839
0.613000	0.976959
0.613500	0.977077
0.614000	0.977195
0.614500	0.977312
0.615000	0.977429
0.615500	0.977545
0.616000	0.977660
0.616500	0.977775
0.617000	0.977888
0.617500	0.978002
0.618000	0.978114
0.618500	0.978226
0.619000	0.978337
0.619500	0.978448
0.620000	0.978558
0.620500	0.978667
0.621000	0.978776
0.621500	0.978884
0.622000	0.978991
0.622500	0.979098
0.623000	0.979204
0.623500	0.979309
0.624000	0.979414
0.624500	0.979518
0.625000	0.979622
0.625500	0.979725
0.626000	0.979828
0.626500	0.979930
0.627000	0.980031
0.627500	0.980132
0.628000	0.980232
0.628500	0.980331
0.629000	0.980430
0.629500	0.980529
0.630000	0.980627
0.630500	0.980724
0.631000	0.980821
0.631500	0.980917
0.632000	0.981013
0.632500	0.981108
0.633000	0.981202
0.633500	0.981296
0.634000	0.981390
0.634500	0.981483
0.635000	0.981575
0.635500	0.981667
0.636000	0.981759
0.636500	0.981850
0.637000	0.981940
0.637500	0.982030
0.638000	0.982119
0.638500	0.982208
0.639000	0.982297
0.639500	0.982385
0.640000	0.982472
0.640500	0.982559
0.641000	0.982645
0.641500	0.982731
0.642000	0.982817
0.642500	0.982902
0.643000	0.982986
0.643500	0.983070
0.644000	0.983154
0.644500	0.983237
0.645000	0.983320
0.645500	0.983402
0.646000	0.983484
0.646500	0.983565
0.647000	0.983646
0.647500	0.983726
0.648000	0.983806
0.648500	0.983886
0.649000	0.983965
0.649500	0.984043
0.650000	0.984122
0.650500	0.984199
0.651000	0.984277
0.651500	0.984354
0.652000	0.984430
0.652500	0.984506
0.653000	0.984582
0.653500	0.984657
0.654000	0.984732
0.654500	0.984807
0.655000	0.984881
0.655500	0.984954
0.656000	0.985028
0.656500	0.985100
0.657000	0.985173
0.657500	0.985245
0.658000	0.985317
0.658500	0.985388
0.659000	0.985459
0.659500	0.985529
0.660000	0.985600
0.660500	0.985669
0.661000	0.985739
0.661500	0.985808
0.662000	0.985876
0.662500	0.985945
0.663000	0.986013
0.663500	0.986080
0.664000	0.986147
0.664500	0.986214
0.665000	0.986281
0.665500	0.986347
0.666000	0.986412
0.666500	0.986478
0.667000	0.986543
0.667500	0.986608
0.668000	0.986672
0.668500	0.986736
0.669000	0.986800
0.669500	0.986863
0.670000	0.986926
0.670500	0.986989
0.671000	0.987051
0.671500	0.987113
0.672000	0.987175
0.672500	0.987236
0.673000	0.987297
0.673500	0.987358
0.674000	0.987418
0.674500	0.987479
0.675000	0.987538
0.675500	0.987598
0.676000	0.987657
0.676500	0.987716
0.677000	0.987774
0.677500	0.987832
0.678000	0.987890
0.678500	0.987948
0.679000	0.988005
0.679500	0.988062
0.680000	0.988119
0.680500	0.988175
0.681000	0.988232
0.681500	0.988287
0.682000	0.988343
0.682500	0.988398
0.683000	0.988453
0.683500	0.988508
0.684000	0.988562
0.684500	0.988616
0.685000	0.988670
0.685500	0.988724
0.686000	0.988777
0.686500	0.988830
0.687000	0.988883
0.687500	0.988935
0.688000	0.988987
0.688500	0.989039
0.689000	0.989091
0.689500	0.989142
0.690000	0.989193
0.690500	0.989244
0.691000	0.989295
0.691500	0.989345
0.692000	0.989395
0.692500	0.989445
0.693000	0.989495
0.693500	0.989544
0.694000	0.989593
0.694500	0.989642
0.695000	0.989690
0.695500	0.989739
0.696000	0.989787
0.696500	0.989835
0.697000	0.989882
0.697500	0.989929
0.698000	0.989977
0.698500	0.990023
0.699000	0.990070
0.699500	0.990116
0.700000	0.990163
0.700500	0.990208
0.701000	0.990254
0.701500	0.990300
0.702000	0.990345
0.702500	0.990390
0.703000	0.990435
0.703500	0.990479
0.704000	0.990523
0.704500	0.990567
0.705000	0.990611
0.705500	0.990655
0.706000	0.990698
0.706500	0.990742
0.707000	0.990785
0.707500	0.990827
0.708000	0.990870
0.708500	0.990912
0.709000	0.990954
0.709500	0.990996
0.710000	0.991038
0.710500	0.991079
0.711000	0.991121
0.711500	0.991162
0.712000	0.991203
0.712500	0.991243
0.713000	0.991284
0.713500	0.991324
0.714000	0.991364
0.714500	0.991404
0.715000	0.991444
0.715500	0.991483
0.716000	0.991522
0.716500	0.991561
0.717000	0.991600
0.717500	0.991639
0.718000	0.991677
0.718500	0.991716
0.719000	0.991754
0.719500	0.991792
0.720000	0.991830
0.720500	0.991867
0.721000	0.991904
0.721500	0.991942
0.722000	0.991979
0.722500	0.992015
0.723000	0.992052
0.723500	0.992088
0.724000	0.992125
0.724500	0.992161
0.725000	0.992197
0.725500	0.992232
0.726000	0.992268
0.726500	0.992303
0.727000	0.992339
0.727500	0.992374
0.728000	0.992409
0.728500	0.992443
0.729000	0.992478
0.729500	0.992512
0.730000	0.992546
0.730500	0.992580
0.731000	0.992614
0.731500	0.992648
0.732000	0.992681
0.732500	0.992715
0.733000	0.992748
0.733500	0.992781
0.734000	0.992814
0.734500	0.992847
0.735000	0.992879
0.735500	0.992911
0.736000	0.992944
0.736500	0.992976
0.737000	0.993008
0.737500	0.993039
0.738000	0.993071
0.738500	0.993103
0.739000	0.993134
0.739500	0.993165
0.740000	0.993196
0.740500	0.993227
